100
0 1 1 0 
1 1 1 0 
2 1 2 0 1 
3 1 2 0 1 
4 1 2 0 1 
5 1 2 0 1 
6 1 2 0 1 
7 1 3 0 1 2 
8 1 4 0 1 2 3 
9 1 5 0 1 2 3 4 
10 1 5 0 1 2 3 4 
11 1 5 0 1 2 3 4 
12 2 4 0 1 2 3 1 4 
13 2 4 0 1 2 3 1 4 
14 2 3 0 1 3 2 2 4 
15 2 4 0 1 2 3 1 4 
16 2 4 0 1 2 3 1 4 
17 2 4 0 1 2 3 1 4 
18 3 3 0 2 3 1 1 1 4 
19 3 3 0 2 3 1 1 1 4 
20 3 3 0 2 3 1 1 1 4 
21 3 3 0 2 3 1 1 1 4 
22 3 3 0 2 3 1 1 1 4 
23 3 3 0 2 3 1 1 1 4 
24 3 3 0 2 3 1 1 1 4 
25 3 3 0 2 3 1 1 1 4 
26 3 3 0 2 3 1 1 1 4 
27 2 4 0 2 3 4 1 1 
28 1 5 0 1 2 3 4 
29 1 5 0 1 2 3 4 
30 2 4 0 1 2 3 1 4 
31 2 4 0 1 2 3 1 4 
32 2 4 0 1 2 3 1 4 
33 2 4 0 1 2 3 1 4 
34 2 3 0 2 3 2 1 4 
35 2 3 0 2 3 2 1 4 
36 2 3 0 2 3 2 1 4 
37 2 3 0 2 3 2 1 4 
38 2 3 0 2 3 2 1 4 
39 2 3 0 2 3 2 1 4 
40 3 3 0 2 3 2 1 4 1 5 
41 3 3 0 2 3 2 1 4 1 5 
42 3 3 0 2 3 2 1 4 1 5 
43 3 3 0 2 3 2 1 4 1 5 
44 2 3 0 2 3 3 1 4 5 
45 2 3 0 2 3 3 1 4 5 
46 2 3 0 2 3 3 1 4 5 
47 2 3 0 2 3 3 1 4 5 
48 3 4 0 1 2 3 1 4 1 5 
49 3 4 0 1 2 3 1 4 1 5 
50 3 4 0 1 2 3 1 4 1 5 
51 3 4 0 1 2 3 1 4 1 5 
52 2 5 0 1 2 3 4 1 5 
53 2 5 0 1 2 3 4 1 5 
54 2 5 0 1 2 3 4 1 5 
55 2 5 0 1 2 3 4 1 5 
56 2 5 0 1 2 3 4 1 5 
57 2 5 0 1 2 3 4 1 5 
58 3 5 0 1 2 3 4 1 5 1 6 
59 3 5 0 1 2 3 4 1 5 1 6 
60 3 4 0 1 2 4 2 3 5 1 6 
61 3 4 0 1 2 4 2 3 5 1 6 
62 3 4 0 1 2 4 2 3 5 1 6 
63 3 4 0 1 2 4 2 3 5 1 6 
64 3 4 0 1 2 4 2 3 5 1 6 
65 3 4 0 1 2 4 2 3 5 1 6 
66 3 4 0 1 2 4 2 3 5 1 6 
67 2 4 0 1 2 4 3 3 5 6 
68 2 4 0 1 2 4 3 3 5 6 
69 3 4 0 1 2 4 2 3 5 1 6 
70 3 4 0 1 2 4 2 3 5 1 6 
71 3 3 0 1 2 2 3 4 2 5 6 
72 3 3 0 1 2 2 3 4 2 5 6 
73 3 3 0 1 2 2 3 4 2 5 6 
74 4 3 0 1 2 2 3 4 2 5 6 1 7 
75 4 3 0 2 3 2 1 4 2 5 6 1 7 
76 4 3 0 2 3 2 1 4 2 5 6 1 7 
77 4 3 0 1 2 2 3 4 2 5 6 1 7 
78 4 3 0 1 2 2 3 4 2 5 6 1 7 
79 4 3 0 1 2 2 3 4 2 5 6 1 7 
80 3 3 0 1 2 2 3 4 3 5 6 7 
81 3 3 0 1 2 2 3 4 3 5 6 7 
82 4 3 0 1 2 2 3 4 3 5 6 7 1 8 
83 4 3 0 1 2 2 3 4 3 5 6 7 1 8 
84 4 3 0 1 2 2 3 4 3 5 6 7 2 8 9 
85 4 3 0 1 2 2 3 4 3 5 6 7 2 8 9 
86 4 3 0 1 2 2 3 4 3 5 6 7 2 8 9 
87 4 3 0 1 2 2 3 4 3 5 6 7 2 8 9 
88 4 3 0 1 2 2 3 4 3 5 6 7 2 8 9 
89 4 2 0 2 3 1 3 4 3 5 6 7 2 8 9 
90 5 2 0 2 3 1 3 4 3 5 6 7 2 8 9 1 10 
91 5 2 0 2 3 1 3 4 3 5 6 7 2 8 9 1 10 
92 4 2 0 2 3 1 3 4 4 5 6 7 10 2 8 9 
93 4 2 0 2 3 1 3 4 4 5 6 7 10 2 8 9 
94 4 2 0 2 3 1 3 4 4 5 6 7 10 2 8 9 
95 4 2 0 2 3 1 3 4 4 5 6 7 10 2 8 9 
96 4 2 0 2 3 1 3 4 4 5 6 7 10 2 8 9 
97 4 2 0 2 3 1 3 4 4 5 6 7 10 2 8 9 
98 4 2 0 2 3 1 3 4 4 5 6 7 10 2 8 9 
99 4 2 0 2 3 1 3 4 4 5 6 7 10 2 8 9 
