100
0 1 1 0 
1 2 1 0 1 1 
2 1 2 0 1 
3 1 2 0 1 
4 1 2 0 1 
5 1 2 0 1 
6 1 2 0 1 
7 1 2 0 1 
8 2 2 0 1 1 2 
9 1 3 0 1 2 
10 1 3 0 1 2 
11 1 3 0 1 2 
12 1 3 0 1 2 
13 1 3 0 1 2 
14 1 3 0 1 2 
15 1 3 0 1 2 
16 2 2 0 1 1 2 
17 3 2 0 1 1 2 1 3 
18 2 2 0 1 2 2 3 
19 2 2 0 1 2 2 3 
20 2 2 0 1 2 2 3 
21 2 2 0 1 2 2 3 
22 2 2 0 1 2 2 3 
23 2 2 0 1 2 2 3 
24 3 2 0 1 2 2 3 1 4 
25 3 2 0 1 2 2 3 1 4 
26 3 2 0 1 2 2 3 1 4 
27 3 2 0 1 2 2 3 1 4 
28 3 2 0 1 2 2 3 1 4 
29 3 2 0 1 2 2 3 1 4 
30 3 2 0 1 2 2 3 1 4 
31 3 2 0 1 2 2 3 1 4 
32 3 2 0 1 2 2 3 1 4 
33 3 2 0 1 2 2 3 1 4 
34 3 2 0 1 2 2 3 1 4 
35 3 2 0 1 2 2 3 1 4 
36 3 2 0 1 2 2 3 1 4 
37 3 2 0 1 2 2 3 1 4 
38 3 2 0 1 2 2 3 1 4 
39 3 2 0 1 2 2 3 1 4 
40 3 2 0 1 2 3 4 1 2 
41 3 2 0 1 2 3 4 1 2 
42 2 3 0 1 3 2 2 4 
43 2 3 0 1 3 2 2 4 
44 2 3 0 1 3 2 2 4 
45 3 3 0 1 3 2 2 4 1 5 
46 3 3 0 1 3 2 2 4 1 5 
47 3 3 0 1 3 2 2 4 1 5 
48 3 3 0 1 3 2 2 4 1 5 
49 3 3 0 1 3 2 2 4 1 5 
50 3 3 0 1 3 2 2 4 1 5 
51 3 3 0 1 3 2 2 4 1 5 
52 4 3 0 1 3 2 2 4 1 5 1 6 
53 4 4 0 1 3 4 1 2 1 5 1 6 
54 4 4 0 1 3 4 1 2 1 5 1 6 
55 4 4 0 1 3 4 1 2 1 5 1 6 
56 4 4 0 1 3 4 1 2 1 5 1 6 
57 4 4 0 1 3 4 1 2 1 6 1 5 
58 5 4 0 1 3 4 1 2 1 6 1 5 1 7 
59 5 4 0 1 3 4 1 2 1 6 1 7 1 5 
60 4 4 0 1 3 4 1 2 2 6 7 1 5 
61 4 4 0 1 3 4 1 2 2 6 7 1 5 
62 4 4 0 1 3 4 1 2 2 6 7 1 5 
63 3 4 0 1 3 4 1 2 3 5 6 7 
64 3 4 0 1 3 4 1 2 3 5 6 7 
65 4 2 0 1 2 3 4 1 2 3 5 6 7 
66 4 2 0 1 2 3 4 1 2 3 5 6 7 
67 5 2 0 1 2 3 4 1 2 3 5 6 7 1 8 
68 5 2 0 1 2 3 4 1 2 3 5 6 7 1 8 
69 5 2 0 1 2 3 4 1 2 3 5 6 7 1 8 
70 4 2 0 1 2 3 4 1 2 4 5 6 7 8 
71 4 2 0 1 2 3 4 1 2 4 5 6 7 8 
72 4 2 0 1 2 3 4 1 2 4 5 6 7 8 
73 5 2 0 1 2 3 4 1 2 4 5 6 7 8 1 9 
74 5 2 0 1 2 3 4 1 2 4 5 6 7 8 1 9 
75 5 2 0 1 2 3 4 1 2 4 5 6 7 8 1 9 
76 5 2 0 1 2 3 4 1 2 4 5 6 7 8 1 9 
77 5 2 0 1 2 3 4 1 2 4 5 6 7 8 1 9 
78 5 2 0 1 2 3 4 1 2 4 5 6 7 8 1 9 
79 5 2 0 1 2 3 4 1 2 4 5 6 7 8 1 9 
80 5 2 0 1 2 3 4 1 2 4 5 6 7 8 1 9 
81 4 2 0 1 2 3 4 5 2 5 6 7 8 1 9 
82 4 2 0 1 2 3 4 5 2 5 6 7 8 1 9 
83 4 2 0 1 2 3 4 5 2 5 6 7 8 1 9 
84 5 2 0 1 2 3 4 5 2 5 6 7 8 1 9 1 10 
85 3 2 0 1 2 3 4 7 2 5 6 7 8 9 10 
86 3 2 0 1 2 3 4 7 2 5 6 7 8 9 10 
87 4 2 0 1 2 3 4 7 2 5 6 7 8 9 10 1 11 
88 6 2 0 1 2 3 4 5 2 6 7 9 10 1 5 1 8 1 11 
89 6 2 0 1 2 3 4 5 2 6 7 9 10 1 5 1 8 1 11 
90 6 2 0 1 2 3 4 5 2 6 7 9 10 1 5 1 8 1 11 
91 5 2 0 1 2 3 4 5 2 6 7 9 10 1 5 2 8 11 
92 5 2 0 1 2 3 4 5 2 6 7 9 10 1 5 2 8 11 
93 5 2 0 1 2 3 4 5 2 6 7 9 10 1 5 2 8 11 
94 5 2 0 1 2 3 4 5 2 6 7 9 10 2 5 8 1 11 
95 5 2 0 1 2 3 4 5 2 6 7 9 10 2 5 8 1 11 
96 5 2 0 1 2 3 4 5 2 6 7 9 10 2 5 8 1 11 
97 5 2 0 1 2 3 4 5 2 6 7 9 10 2 5 8 1 11 
98 5 2 0 1 2 3 4 5 2 6 7 9 10 2 5 8 1 11 
99 5 2 0 1 2 3 4 5 2 6 7 9 10 2 5 8 1 11 
