100
0 1 1 0 
1 1 1 0 
2 1 2 0 1 
3 1 2 0 1 
4 1 2 0 1 
5 1 2 0 1 
6 1 2 0 1 
7 2 2 0 1 1 2 
8 2 2 0 1 2 2 3 
9 2 2 0 1 3 2 3 4 
10 2 2 0 1 3 2 3 4 
11 2 2 0 1 3 2 3 4 
12 2 2 0 1 3 2 3 4 
13 2 2 0 1 3 2 3 4 
14 2 3 0 1 3 2 2 4 
15 2 3 0 1 2 2 3 4 
16 2 4 0 1 2 3 1 4 
17 2 3 0 1 3 2 2 4 
18 2 3 0 1 3 2 2 4 
19 2 3 0 1 3 2 2 4 
20 2 4 0 1 2 3 1 4 
21 2 3 0 1 2 2 3 4 
22 2 4 0 1 2 3 1 4 
23 3 3 0 2 3 1 1 1 4 
24 2 4 0 1 2 3 1 4 
25 2 4 0 1 2 3 1 4 
26 2 4 0 1 2 3 1 4 
27 1 5 0 1 2 3 4 
28 1 5 0 1 2 3 4 
29 2 4 0 1 2 3 1 4 
30 2 3 0 1 2 2 3 4 
31 2 3 0 1 2 2 3 4 
32 2 3 0 1 2 2 3 4 
33 2 3 0 1 2 2 3 4 
34 2 3 0 1 2 2 3 4 
35 3 3 0 2 3 1 1 1 4 
36 3 3 0 2 3 1 1 1 4 
37 3 3 0 2 3 1 1 1 4 
38 3 3 0 2 3 1 1 1 4 
39 3 2 0 2 2 1 3 1 4 
40 4 2 0 2 2 1 3 1 4 1 5 
41 4 2 0 2 2 1 3 1 4 1 5 
42 4 2 0 2 2 1 3 1 4 1 5 
43 4 2 0 2 2 1 3 1 4 1 5 
44 4 2 0 2 2 1 3 1 4 1 5 
45 4 2 0 2 2 1 3 1 4 1 5 
46 4 2 0 2 2 1 3 1 4 1 5 
47 3 2 0 2 3 1 3 5 1 4 
48 3 2 0 2 3 1 3 5 1 4 
49 3 3 0 1 2 2 3 4 1 5 
50 3 3 0 1 2 2 3 4 1 5 
51 3 3 0 1 2 2 3 4 1 5 
52 3 3 0 1 2 2 3 4 1 5 
53 2 4 0 1 2 4 2 3 5 
54 2 4 0 1 2 4 2 3 5 
55 2 4 0 1 2 4 2 3 5 
56 2 4 0 1 2 4 2 3 5 
57 2 4 0 1 2 4 2 3 5 
58 3 4 0 1 2 4 2 3 5 1 6 
59 3 4 0 1 2 4 2 3 5 1 6 
60 3 4 0 1 2 4 2 3 5 1 6 
61 3 4 0 1 2 4 2 3 5 1 6 
62 3 4 0 1 2 4 2 3 5 1 6 
63 3 4 0 1 2 4 2 3 5 1 6 
64 3 3 0 1 2 2 3 4 2 5 6 
65 3 3 0 1 2 2 3 4 2 5 6 
66 3 3 0 1 2 2 3 4 2 5 6 
67 3 3 0 1 2 2 3 4 2 5 6 
68 3 3 0 1 2 2 3 4 2 5 6 
69 3 3 0 1 2 2 3 4 2 5 6 
70 3 3 0 1 2 2 3 4 2 5 6 
71 3 3 0 1 2 2 3 4 2 5 6 
72 3 3 0 1 2 2 3 4 2 5 6 
73 3 3 0 1 2 2 3 4 2 5 6 
74 4 3 0 1 2 2 3 4 2 5 6 1 7 
75 4 3 0 1 2 2 3 4 2 5 6 1 7 
76 4 3 0 2 3 2 1 4 2 5 6 1 7 
77 4 3 0 1 2 2 3 4 2 5 6 1 7 
78 4 3 0 1 2 2 3 4 2 5 6 1 7 
79 4 3 0 1 2 2 3 4 2 5 6 1 7 
80 3 3 0 1 2 2 3 4 3 5 6 7 
81 3 3 0 1 2 2 3 4 3 5 6 7 
82 4 3 0 1 2 2 3 4 3 5 6 7 1 8 
83 4 3 0 1 2 2 3 4 3 5 6 7 1 8 
84 5 3 0 1 2 2 3 4 3 5 6 7 1 8 1 9 
85 5 3 0 1 2 2 3 4 3 5 6 7 1 9 1 8 
86 5 3 0 1 2 2 3 4 3 5 6 7 1 9 1 8 
87 5 3 0 1 2 2 3 4 3 5 6 7 1 8 1 9 
88 5 3 0 1 2 2 3 4 3 5 6 7 1 8 1 9 
89 5 2 0 2 2 1 3 4 4 5 6 7 1 8 1 9 
90 6 2 0 2 2 1 3 4 4 5 6 7 1 8 1 9 1 10 
91 6 2 0 2 2 1 3 4 4 5 6 7 1 8 1 9 1 10 
92 6 2 0 2 2 1 3 4 4 5 6 7 1 8 1 9 1 10 
93 6 2 0 2 2 1 3 4 4 5 6 7 1 8 1 9 1 10 
94 6 2 0 2 2 1 3 4 4 5 6 7 1 8 1 9 1 10 
95 5 2 0 2 3 1 3 4 4 5 6 7 10 1 8 1 9 
96 5 2 0 2 3 1 3 4 4 5 6 7 10 1 8 1 9 
97 5 2 0 2 3 1 3 4 4 5 6 7 10 1 8 1 9 
98 5 2 0 2 3 1 3 4 4 5 6 7 10 1 8 1 9 
99 5 2 0 2 3 1 3 4 4 5 6 7 10 1 8 1 9 
