100
0 1 1 0.0
1 1 1 6.0
2 2 4 6.0 5.0 5.0 0.0
3 2 4 6.0 5.0 5.0 0.0
4 2 4 6.0 5.0 5.0 0.0
5 2 4 6.0 8.0 8.0 0.0
6 2 4 10.0 11.0 11.0 0.0
7 3 9 10.0 11.0 4.0 11.0 0.0 2.0 4.0 2.0 0.0
8 4 16 10.0 11.0 4.0 2.0 11.0 0.0 2.0 1.0 4.0 2.0 0.0 3.0 2.0 1.0 3.0 0.0
9 5 25 10.0 11.0 4.0 2.0 1.0 11.0 0.0 2.0 1.0 0.0 4.0 2.0 0.0 3.0 2.0 2.0 1.0 3.0 0.0 3.0 1.0 0.0 2.0 3.0 0.0
10 5 25 10.0 11.0 4.0 2.0 1.0 11.0 0.0 2.0 1.0 0.0 4.0 2.0 2.0 5.0 5.0 2.0 1.0 5.0 0.0 3.0 1.0 0.0 5.0 3.0 0.0
11 5 25 10.0 11.0 7.0 3.0 3.0 11.0 0.0 2.0 1.0 0.0 7.0 2.0 2.0 5.0 5.0 3.0 1.0 5.0 0.0 3.0 3.0 0.0 5.0 3.0 0.0
12 5 25 10.0 11.0 7.0 6.0 3.0 11.0 0.0 2.0 1.0 0.0 7.0 2.0 2.0 7.0 5.0 6.0 1.0 7.0 0.0 4.0 3.0 0.0 5.0 4.0 0.0
13 5 25 10.0 11.0 7.0 8.0 3.0 11.0 0.0 2.0 1.0 0.0 7.0 2.0 2.0 8.0 5.0 8.0 1.0 8.0 6.0 4.0 3.0 0.0 5.0 4.0 0.0
14 5 25 10.0 12.0 7.0 8.0 3.0 12.0 0.0 2.0 6.0 0.0 7.0 2.0 2.0 8.0 5.0 8.0 6.0 8.0 6.0 4.0 3.0 0.0 5.0 4.0 0.0
15 5 25 10.0 12.0 7.0 8.0 3.0 12.0 0.0 5.0 6.0 0.0 7.0 5.0 2.0 11.0 5.0 8.0 6.0 11.0 6.0 4.0 3.0 0.0 5.0 4.0 0.0
16 5 25 10.0 12.0 7.0 8.0 3.0 12.0 0.0 5.0 8.0 0.0 7.0 5.0 2.0 14.0 5.0 8.0 8.0 14.0 8.0 4.0 3.0 0.0 5.0 4.0 0.0
17 5 25 10.0 13.0 9.0 11.0 3.0 13.0 0.0 5.0 8.0 0.0 9.0 5.0 2.0 14.0 5.0 11.0 8.0 14.0 8.0 4.0 3.0 0.0 5.0 4.0 0.0
18 5 25 16.0 13.0 10.0 13.0 3.0 13.0 0.0 5.0 8.0 0.0 10.0 5.0 2.0 14.0 5.0 13.0 8.0 14.0 8.0 4.0 3.0 0.0 5.0 4.0 0.0
19 5 25 16.0 13.0 10.0 13.0 8.0 13.0 0.0 5.0 8.0 0.0 10.0 5.0 2.0 14.0 5.0 13.0 8.0 14.0 8.0 5.0 8.0 0.0 5.0 5.0 0.0
20 5 25 16.0 13.0 13.0 13.0 8.0 13.0 0.0 5.0 8.0 0.0 13.0 5.0 2.0 14.0 8.0 13.0 8.0 14.0 8.0 5.0 8.0 0.0 8.0 5.0 0.0
21 5 25 16.0 13.0 14.0 13.0 8.0 13.0 0.0 5.0 8.0 0.0 14.0 5.0 8.0 14.0 10.0 13.0 8.0 14.0 8.0 5.0 8.0 0.0 10.0 5.0 0.0
22 5 25 16.0 13.0 14.0 13.0 8.0 13.0 0.0 5.0 8.0 0.0 14.0 5.0 8.0 19.0 10.0 13.0 8.0 19.0 8.0 6.0 8.0 0.0 10.0 6.0 0.0
23 5 25 16.0 13.0 17.0 16.0 8.0 13.0 0.0 5.0 8.0 0.0 17.0 5.0 8.0 19.0 10.0 16.0 8.0 19.0 8.0 6.0 8.0 0.0 10.0 6.0 0.0
24 5 25 16.0 16.0 17.0 16.0 8.0 16.0 0.0 6.0 10.0 0.0 17.0 6.0 8.0 19.0 10.0 16.0 10.0 19.0 8.0 6.0 8.0 0.0 10.0 6.0 0.0
25 5 25 16.0 16.0 17.0 16.0 8.0 16.0 0.0 6.0 10.0 0.0 17.0 6.0 8.0 19.0 10.0 16.0 10.0 19.0 8.0 6.0 8.0 0.0 10.0 6.0 0.0
26 5 25 16.0 16.0 17.0 16.0 8.0 16.0 0.0 6.0 10.0 0.0 17.0 6.0 8.0 19.0 10.0 16.0 10.0 19.0 8.0 6.0 8.0 0.0 10.0 6.0 0.0
27 5 25 16.0 16.0 17.0 16.0 8.0 16.0 0.0 6.0 10.0 0.0 17.0 6.0 8.0 19.0 13.0 16.0 10.0 19.0 8.0 6.0 8.0 0.0 13.0 6.0 0.0
28 5 25 16.0 16.0 17.0 16.0 8.0 16.0 0.0 9.0 10.0 2.0 17.0 9.0 8.0 19.0 13.0 16.0 10.0 19.0 8.0 6.0 8.0 2.0 13.0 6.0 0.0
29 5 25 16.0 16.0 17.0 16.0 8.0 16.0 0.0 12.0 10.0 2.0 17.0 12.0 12.0 19.0 14.0 16.0 10.0 19.0 8.0 6.0 8.0 2.0 14.0 6.0 0.0
30 5 25 16.0 18.0 21.0 16.0 8.0 18.0 0.0 12.0 10.0 2.0 21.0 12.0 12.0 19.0 14.0 16.0 10.0 19.0 8.0 6.0 8.0 2.0 14.0 6.0 0.0
31 5 25 16.0 18.0 21.0 16.0 11.0 18.0 0.0 12.0 10.0 3.0 21.0 12.0 12.0 19.0 16.0 16.0 10.0 19.0 8.0 6.0 11.0 3.0 16.0 6.0 0.0
32 5 25 16.0 18.0 21.0 16.0 13.0 18.0 0.0 12.0 10.0 3.0 21.0 12.0 12.0 19.0 17.0 16.0 10.0 19.0 8.0 6.0 13.0 3.0 17.0 6.0 6.0
33 5 25 18.0 18.0 21.0 16.0 18.0 18.0 0.0 12.0 10.0 3.0 21.0 12.0 12.0 19.0 17.0 16.0 10.0 19.0 8.0 6.0 18.0 3.0 17.0 6.0 6.0
34 5 25 18.0 18.0 24.0 16.0 18.0 18.0 0.0 12.0 10.0 3.0 24.0 12.0 12.0 19.0 20.0 16.0 10.0 19.0 8.0 6.0 18.0 3.0 20.0 6.0 6.0
35 5 25 18.0 18.0 24.0 18.0 18.0 18.0 0.0 12.0 10.0 3.0 24.0 12.0 12.0 22.0 20.0 18.0 10.0 22.0 8.0 7.0 18.0 3.0 20.0 7.0 6.0
36 5 25 18.0 18.0 24.0 19.0 18.0 18.0 0.0 12.0 10.0 3.0 24.0 12.0 12.0 24.0 20.0 19.0 10.0 24.0 14.0 7.0 18.0 3.0 20.0 7.0 6.0
37 5 25 18.0 18.0 24.0 19.0 18.0 18.0 0.0 13.0 15.0 3.0 24.0 13.0 12.0 24.0 20.0 19.0 15.0 24.0 14.0 7.0 18.0 3.0 20.0 7.0 6.0
38 5 25 18.0 18.0 24.0 19.0 18.0 18.0 0.0 16.0 15.0 3.0 24.0 16.0 12.0 27.0 20.0 19.0 15.0 27.0 14.0 7.0 18.0 3.0 20.0 7.0 6.0
39 5 25 18.0 18.0 24.0 19.0 18.0 18.0 0.0 18.0 15.0 3.0 24.0 18.0 18.0 28.0 20.0 19.0 15.0 28.0 14.0 7.0 18.0 3.0 20.0 7.0 6.0
40 6 36 18.0 18.0 24.0 19.0 18.0 0.0 18.0 0.0 18.0 15.0 3.0 1.0 24.0 18.0 18.0 28.0 20.0 5.0 19.0 15.0 28.0 14.0 7.0 0.0 18.0 3.0 20.0 7.0 6.0 0.0 0.0 1.0 5.0 0.0 0.0 0.0
41 6 36 18.0 18.0 24.0 19.0 18.0 0.0 18.0 0.0 18.0 15.0 3.0 1.0 24.0 18.0 18.0 28.0 20.0 8.0 19.0 15.0 28.0 14.0 7.0 0.0 18.0 3.0 20.0 7.0 6.0 0.0 0.0 1.0 8.0 0.0 0.0 6.0
42 6 36 18.0 18.0 24.0 19.0 18.0 0.0 18.0 0.0 18.0 15.0 3.0 1.0 24.0 18.0 18.0 28.0 20.0 9.0 19.0 15.0 28.0 14.0 7.0 0.0 18.0 3.0 20.0 7.0 6.0 0.0 0.0 1.0 9.0 0.0 0.0 16.0
43 6 36 18.0 18.0 24.0 19.0 18.0 0.0 18.0 0.0 18.0 15.0 3.0 1.0 24.0 18.0 18.0 28.0 20.0 9.0 19.0 15.0 28.0 14.0 7.0 6.0 18.0 3.0 20.0 7.0 6.0 0.0 0.0 1.0 9.0 6.0 0.0 16.0
44 6 36 18.0 18.0 24.0 19.0 18.0 0.0 18.0 0.0 18.0 18.0 3.0 4.0 24.0 18.0 18.0 28.0 20.0 9.0 19.0 18.0 28.0 14.0 7.0 6.0 18.0 3.0 20.0 7.0 6.0 0.0 0.0 4.0 9.0 6.0 0.0 16.0
45 6 36 18.0 18.0 24.0 19.0 18.0 0.0 18.0 0.0 18.0 18.0 3.0 4.0 24.0 18.0 18.0 28.0 20.0 9.0 19.0 18.0 28.0 14.0 7.0 6.0 18.0 3.0 20.0 7.0 6.0 0.0 0.0 4.0 9.0 6.0 0.0 16.0
46 6 36 18.0 18.0 24.0 19.0 18.0 0.0 18.0 0.0 18.0 18.0 3.0 4.0 24.0 18.0 18.0 28.0 20.0 9.0 19.0 18.0 28.0 14.0 7.0 6.0 18.0 3.0 20.0 7.0 6.0 0.0 0.0 4.0 9.0 6.0 0.0 16.0
47 6 36 18.0 18.0 24.0 19.0 18.0 0.0 18.0 0.0 18.0 18.0 3.0 7.0 24.0 18.0 18.0 28.0 20.0 9.0 19.0 18.0 28.0 14.0 7.0 6.0 18.0 3.0 20.0 7.0 6.0 0.0 0.0 7.0 9.0 6.0 0.0 16.0
48 6 36 18.0 20.0 24.0 19.0 18.0 3.0 20.0 0.0 18.0 18.0 3.0 7.0 24.0 18.0 18.0 28.0 20.0 9.0 19.0 18.0 28.0 14.0 7.0 6.0 18.0 3.0 20.0 7.0 6.0 0.0 3.0 7.0 9.0 6.0 0.0 16.0
49 6 36 18.0 23.0 24.0 19.0 18.0 3.0 23.0 2.0 18.0 18.0 3.0 9.0 24.0 18.0 18.0 28.0 20.0 9.0 19.0 18.0 28.0 14.0 7.0 6.0 18.0 3.0 20.0 7.0 6.0 0.0 3.0 9.0 9.0 6.0 0.0 16.0
50 6 36 18.0 25.0 24.0 19.0 18.0 3.0 25.0 8.0 18.0 18.0 3.0 10.0 24.0 18.0 18.0 28.0 20.0 9.0 19.0 18.0 28.0 14.0 7.0 6.0 18.0 3.0 20.0 7.0 6.0 0.0 3.0 10.0 9.0 6.0 0.0 16.0
51 6 36 18.0 25.0 24.0 19.0 19.0 3.0 25.0 8.0 18.0 18.0 8.0 10.0 24.0 18.0 18.0 28.0 20.0 9.0 19.0 18.0 28.0 14.0 7.0 6.0 19.0 8.0 20.0 7.0 6.0 0.0 3.0 10.0 9.0 6.0 0.0 16.0
52 6 36 18.0 25.0 24.0 19.0 19.0 3.0 25.0 8.0 21.0 18.0 8.0 10.0 24.0 21.0 18.0 28.0 23.0 9.0 19.0 18.0 28.0 14.0 7.0 6.0 19.0 8.0 23.0 7.0 6.0 0.0 3.0 10.0 9.0 6.0 0.0 16.0
53 6 36 18.0 25.0 24.0 19.0 19.0 3.0 25.0 8.0 21.0 18.0 9.0 10.0 24.0 21.0 18.0 28.0 26.0 9.0 19.0 18.0 28.0 14.0 7.0 6.0 19.0 9.0 26.0 7.0 10.0 0.0 3.0 10.0 9.0 6.0 0.0 16.0
54 6 36 18.0 25.0 24.0 19.0 19.0 3.0 25.0 8.0 21.0 18.0 9.0 10.0 24.0 21.0 22.0 28.0 30.0 9.0 19.0 18.0 28.0 14.0 7.0 6.0 19.0 9.0 30.0 7.0 10.0 0.0 3.0 10.0 9.0 6.0 0.0 16.0
55 6 36 18.0 25.0 28.0 19.0 21.0 3.0 25.0 8.0 21.0 18.0 9.0 10.0 28.0 21.0 22.0 28.0 30.0 9.0 19.0 18.0 28.0 14.0 7.0 6.0 21.0 9.0 30.0 7.0 10.0 0.0 3.0 10.0 9.0 6.0 0.0 16.0
56 6 36 18.0 25.0 28.0 19.0 24.0 3.0 25.0 8.0 21.0 18.0 9.0 10.0 28.0 21.0 22.0 28.0 32.0 9.0 19.0 18.0 28.0 14.0 7.0 6.0 24.0 9.0 32.0 7.0 12.0 0.0 3.0 10.0 9.0 6.0 0.0 16.0
57 6 36 18.0 25.0 28.0 21.0 24.0 3.0 25.0 8.0 21.0 18.0 9.0 10.0 28.0 21.0 22.0 29.0 32.0 9.0 21.0 18.0 29.0 14.0 10.0 6.0 24.0 9.0 32.0 10.0 12.0 0.0 3.0 10.0 9.0 6.0 0.0 16.0
58 7 49 18.0 25.0 28.0 21.0 24.0 3.0 1.0 25.0 8.0 21.0 18.0 9.0 10.0 0.0 28.0 21.0 22.0 29.0 32.0 9.0 0.0 21.0 18.0 29.0 14.0 10.0 6.0 3.0 24.0 9.0 32.0 10.0 12.0 0.0 2.0 3.0 10.0 9.0 6.0 0.0 16.0 0.0 1.0 0.0 0.0 3.0 2.0 0.0 0.0
59 7 49 18.0 25.0 28.0 23.0 25.0 3.0 4.0 25.0 8.0 21.0 18.0 9.0 10.0 0.0 28.0 21.0 22.0 29.0 32.0 9.0 0.0 23.0 18.0 29.0 14.0 10.0 6.0 3.0 25.0 9.0 32.0 10.0 12.0 0.0 2.0 3.0 10.0 9.0 6.0 0.0 16.0 0.0 4.0 0.0 0.0 3.0 2.0 0.0 0.0
60 7 49 18.0 25.0 31.0 23.0 25.0 3.0 4.0 25.0 8.0 21.0 18.0 9.0 10.0 0.0 31.0 21.0 22.0 30.0 32.0 9.0 2.0 23.0 18.0 30.0 14.0 10.0 6.0 3.0 25.0 9.0 32.0 10.0 12.0 0.0 2.0 3.0 10.0 9.0 6.0 0.0 16.0 0.0 4.0 0.0 2.0 3.0 2.0 0.0 0.0
61 7 49 18.0 25.0 31.0 23.0 25.0 3.0 6.0 25.0 8.0 21.0 18.0 9.0 10.0 0.0 31.0 21.0 22.0 30.0 32.0 9.0 5.0 23.0 18.0 30.0 14.0 10.0 6.0 3.0 25.0 9.0 32.0 10.0 12.0 0.0 2.0 3.0 10.0 9.0 6.0 0.0 16.0 0.0 6.0 0.0 5.0 3.0 2.0 0.0 2.0
62 7 49 18.0 25.0 31.0 23.0 25.0 4.0 6.0 25.0 8.0 21.0 18.0 9.0 10.0 0.0 31.0 21.0 22.0 30.0 32.0 11.0 5.0 23.0 18.0 30.0 14.0 10.0 6.0 3.0 25.0 9.0 32.0 10.0 12.0 0.0 2.0 4.0 10.0 11.0 6.0 0.0 16.0 3.0 6.0 0.0 5.0 3.0 2.0 3.0 2.0
63 7 49 18.0 25.0 31.0 23.0 25.0 4.0 6.0 25.0 8.0 21.0 18.0 9.0 10.0 0.0 31.0 21.0 24.0 30.0 32.0 14.0 7.0 23.0 18.0 30.0 14.0 10.0 6.0 3.0 25.0 9.0 32.0 10.0 12.0 0.0 2.0 4.0 10.0 14.0 6.0 0.0 16.0 3.0 6.0 0.0 7.0 3.0 2.0 3.0 2.0
64 7 49 18.0 25.0 31.0 23.0 25.0 4.0 6.0 25.0 8.0 21.0 18.0 9.0 10.0 0.0 31.0 21.0 30.0 30.0 32.0 16.0 8.0 23.0 18.0 30.0 14.0 10.0 6.0 3.0 25.0 9.0 32.0 10.0 12.0 0.0 2.0 4.0 10.0 16.0 6.0 0.0 16.0 3.0 6.0 0.0 8.0 3.0 2.0 3.0 2.0
65 7 49 18.0 25.0 31.0 23.0 25.0 4.0 6.0 25.0 8.0 21.0 18.0 9.0 10.0 0.0 31.0 21.0 40.0 30.0 32.0 17.0 8.0 23.0 18.0 30.0 14.0 10.0 6.0 3.0 25.0 9.0 32.0 10.0 12.0 0.0 2.0 4.0 10.0 17.0 6.0 0.0 16.0 3.0 6.0 0.0 8.0 3.0 2.0 3.0 2.0
66 7 49 18.0 25.0 31.0 23.0 25.0 4.0 6.0 25.0 8.0 21.0 18.0 9.0 10.0 0.0 31.0 21.0 40.0 30.0 32.0 17.0 14.0 23.0 18.0 30.0 14.0 10.0 6.0 3.0 25.0 9.0 32.0 10.0 12.0 0.0 2.0 4.0 10.0 17.0 6.0 0.0 16.0 3.0 6.0 0.0 14.0 3.0 2.0 3.0 2.0
67 7 49 18.0 25.0 31.0 23.0 25.0 4.0 6.0 25.0 8.0 21.0 18.0 9.0 10.0 0.0 31.0 21.0 40.0 33.0 32.0 17.0 14.0 23.0 18.0 33.0 14.0 10.0 6.0 6.0 25.0 9.0 32.0 10.0 12.0 0.0 2.0 4.0 10.0 17.0 6.0 0.0 16.0 3.0 6.0 0.0 14.0 6.0 2.0 3.0 2.0
68 7 49 18.0 25.0 32.0 26.0 25.0 4.0 8.0 25.0 8.0 21.0 18.0 9.0 10.0 0.0 32.0 21.0 40.0 33.0 32.0 17.0 14.0 26.0 18.0 33.0 14.0 10.0 6.0 6.0 25.0 9.0 32.0 10.0 12.0 0.0 2.0 4.0 10.0 17.0 6.0 0.0 16.0 3.0 8.0 0.0 14.0 6.0 2.0 3.0 2.0
69 7 49 18.0 25.0 32.0 26.0 25.0 7.0 8.0 25.0 8.0 21.0 18.0 9.0 10.0 0.0 32.0 21.0 40.0 33.0 32.0 17.0 14.0 26.0 18.0 33.0 14.0 10.0 8.0 6.0 25.0 9.0 32.0 10.0 12.0 0.0 2.0 7.0 10.0 17.0 8.0 0.0 16.0 4.0 8.0 0.0 14.0 6.0 2.0 4.0 2.0
70 7 49 18.0 25.0 34.0 26.0 25.0 7.0 8.0 25.0 8.0 21.0 18.0 9.0 10.0 0.0 34.0 21.0 40.0 34.0 32.0 20.0 14.0 26.0 18.0 34.0 14.0 10.0 8.0 6.0 25.0 9.0 32.0 10.0 12.0 0.0 2.0 7.0 10.0 20.0 8.0 0.0 16.0 4.0 8.0 0.0 14.0 6.0 2.0 4.0 2.0
71 7 49 20.0 25.0 37.0 26.0 25.0 9.0 8.0 25.0 8.0 21.0 18.0 9.0 10.0 0.0 37.0 21.0 40.0 34.0 32.0 20.0 14.0 26.0 18.0 34.0 14.0 10.0 8.0 6.0 25.0 9.0 32.0 10.0 12.0 0.0 2.0 9.0 10.0 20.0 8.0 0.0 16.0 4.0 8.0 0.0 14.0 6.0 2.0 4.0 2.0
72 7 49 20.0 25.0 40.0 26.0 25.0 9.0 8.0 25.0 8.0 21.0 18.0 9.0 10.0 0.0 40.0 21.0 44.0 34.0 32.0 21.0 14.0 26.0 18.0 34.0 14.0 10.0 8.0 6.0 25.0 9.0 32.0 10.0 12.0 0.0 2.0 9.0 10.0 21.0 8.0 0.0 16.0 4.0 8.0 0.0 14.0 6.0 2.0 4.0 2.0
73 7 49 20.0 25.0 42.0 26.0 25.0 9.0 8.0 25.0 8.0 21.0 18.0 9.0 10.0 0.0 42.0 21.0 52.0 34.0 32.0 21.0 14.0 26.0 18.0 34.0 14.0 10.0 8.0 6.0 25.0 9.0 32.0 10.0 12.0 0.0 2.0 9.0 10.0 21.0 8.0 0.0 16.0 4.0 8.0 0.0 14.0 6.0 2.0 4.0 2.0
74 8 64 20.0 25.0 42.0 26.0 25.0 9.0 8.0 1.0 25.0 8.0 21.0 18.0 9.0 10.0 0.0 0.0 42.0 21.0 52.0 34.0 32.0 21.0 14.0 5.0 26.0 18.0 34.0 14.0 10.0 8.0 6.0 0.0 25.0 9.0 32.0 10.0 12.0 0.0 2.0 0.0 9.0 10.0 21.0 8.0 0.0 16.0 4.0 0.0 8.0 0.0 14.0 6.0 2.0 4.0 2.0 0.0 1.0 0.0 5.0 0.0 0.0 0.0 0.0 0.0
75 8 64 20.0 25.0 42.0 26.0 25.0 9.0 8.0 1.0 25.0 8.0 21.0 18.0 9.0 10.0 0.0 0.0 42.0 21.0 52.0 37.0 32.0 21.0 14.0 5.0 26.0 18.0 37.0 14.0 10.0 8.0 6.0 3.0 25.0 9.0 32.0 10.0 12.0 0.0 2.0 0.0 9.0 10.0 21.0 8.0 0.0 16.0 4.0 0.0 8.0 0.0 14.0 6.0 2.0 4.0 2.0 0.0 1.0 0.0 5.0 3.0 0.0 0.0 0.0 0.0
76 8 64 20.0 25.0 43.0 29.0 25.0 9.0 8.0 3.0 25.0 8.0 21.0 18.0 9.0 10.0 0.0 0.0 43.0 21.0 52.0 37.0 32.0 21.0 14.0 5.0 29.0 18.0 37.0 14.0 10.0 8.0 6.0 3.0 25.0 9.0 32.0 10.0 12.0 0.0 2.0 0.0 9.0 10.0 21.0 8.0 0.0 16.0 4.0 0.0 8.0 0.0 14.0 6.0 2.0 4.0 2.0 0.0 3.0 0.0 5.0 3.0 0.0 0.0 0.0 0.0
77 8 64 20.0 28.0 43.0 29.0 25.0 9.0 8.0 3.0 28.0 8.0 21.0 20.0 9.0 10.0 0.0 1.0 43.0 21.0 52.0 37.0 32.0 21.0 14.0 5.0 29.0 20.0 37.0 14.0 10.0 8.0 6.0 3.0 25.0 9.0 32.0 10.0 12.0 0.0 2.0 0.0 9.0 10.0 21.0 8.0 0.0 16.0 4.0 0.0 8.0 0.0 14.0 6.0 2.0 4.0 2.0 0.0 3.0 1.0 5.0 3.0 0.0 0.0 0.0 0.0
78 8 64 20.0 28.0 43.0 29.0 27.0 9.0 8.0 3.0 28.0 8.0 21.0 20.0 12.0 10.0 0.0 1.0 43.0 21.0 52.0 37.0 32.0 21.0 14.0 5.0 29.0 20.0 37.0 14.0 11.0 8.0 6.0 3.0 27.0 12.0 32.0 11.0 12.0 0.0 2.0 0.0 9.0 10.0 21.0 8.0 0.0 16.0 4.0 0.0 8.0 0.0 14.0 6.0 2.0 4.0 2.0 0.0 3.0 1.0 5.0 3.0 0.0 0.0 0.0 0.0
79 8 64 20.0 28.0 43.0 29.0 27.0 9.0 8.0 4.0 28.0 8.0 21.0 20.0 12.0 10.0 0.0 3.0 43.0 21.0 52.0 37.0 32.0 21.0 14.0 5.0 29.0 20.0 37.0 14.0 11.0 8.0 6.0 3.0 27.0 12.0 32.0 11.0 12.0 0.0 2.0 3.0 9.0 10.0 21.0 8.0 0.0 16.0 4.0 0.0 8.0 0.0 14.0 6.0 2.0 4.0 2.0 0.0 4.0 3.0 5.0 3.0 3.0 0.0 0.0 0.0
80 8 64 20.0 28.0 43.0 29.0 27.0 9.0 8.0 4.0 28.0 8.0 21.0 20.0 12.0 10.0 1.0 3.0 43.0 21.0 52.0 37.0 32.0 21.0 14.0 5.0 29.0 20.0 37.0 14.0 11.0 8.0 6.0 3.0 27.0 12.0 32.0 11.0 12.0 0.0 4.0 3.0 9.0 10.0 21.0 8.0 0.0 16.0 4.0 0.0 8.0 1.0 14.0 6.0 4.0 4.0 2.0 3.0 4.0 3.0 5.0 3.0 3.0 0.0 3.0 0.0
81 8 64 20.0 28.0 43.0 29.0 27.0 9.0 8.0 4.0 28.0 8.0 21.0 20.0 12.0 10.0 1.0 3.0 43.0 21.0 52.0 37.0 33.0 21.0 17.0 7.0 29.0 20.0 37.0 14.0 11.0 8.0 6.0 3.0 27.0 12.0 33.0 11.0 12.0 0.0 4.0 3.0 9.0 10.0 21.0 8.0 0.0 16.0 4.0 0.0 8.0 1.0 17.0 6.0 4.0 4.0 2.0 3.0 4.0 3.0 7.0 3.0 3.0 0.0 3.0 0.0
82 9 81 20.0 28.0 43.0 29.0 27.0 9.0 8.0 4.0 0.0 28.0 8.0 21.0 20.0 12.0 10.0 1.0 3.0 0.0 43.0 21.0 52.0 37.0 33.0 21.0 17.0 7.0 3.0 29.0 20.0 37.0 14.0 11.0 8.0 6.0 3.0 0.0 27.0 12.0 33.0 11.0 12.0 0.0 4.0 3.0 0.0 9.0 10.0 21.0 8.0 0.0 16.0 4.0 0.0 0.0 8.0 1.0 17.0 6.0 4.0 4.0 2.0 3.0 2.0 4.0 3.0 7.0 3.0 3.0 0.0 3.0 0.0 1.0 0.0 0.0 3.0 0.0 0.0 0.0 2.0 1.0 0.0
83 9 81 20.0 28.0 45.0 29.0 27.0 9.0 9.0 4.0 3.0 28.0 8.0 21.0 20.0 12.0 10.0 1.0 3.0 0.0 45.0 21.0 52.0 37.0 33.0 21.0 17.0 7.0 3.0 29.0 20.0 37.0 14.0 11.0 8.0 6.0 3.0 0.0 27.0 12.0 33.0 11.0 12.0 0.0 4.0 3.0 0.0 9.0 10.0 21.0 8.0 0.0 16.0 4.0 0.0 0.0 9.0 1.0 17.0 6.0 4.0 4.0 2.0 3.0 2.0 4.0 3.0 7.0 3.0 3.0 0.0 3.0 0.0 1.0 3.0 0.0 3.0 0.0 0.0 0.0 2.0 1.0 0.0
84 10 100 20.0 28.0 45.0 29.0 27.0 9.0 9.0 4.0 3.0 3.0 28.0 8.0 21.0 20.0 12.0 10.0 1.0 3.0 0.0 0.0 45.0 21.0 52.0 37.0 33.0 21.0 17.0 7.0 3.0 1.0 29.0 20.0 37.0 14.0 11.0 8.0 6.0 3.0 0.0 0.0 27.0 12.0 33.0 11.0 12.0 0.0 4.0 3.0 0.0 0.0 9.0 10.0 21.0 8.0 0.0 16.0 4.0 0.0 0.0 0.0 9.0 1.0 17.0 6.0 4.0 4.0 2.0 3.0 2.0 0.0 4.0 3.0 7.0 3.0 3.0 0.0 3.0 0.0 1.0 0.0 3.0 0.0 3.0 0.0 0.0 0.0 2.0 1.0 0.0 2.0 3.0 0.0 1.0 0.0 0.0 0.0 0.0 0.0 2.0 0.0
85 10 100 20.0 28.0 45.0 29.0 27.0 9.0 9.0 4.0 3.0 5.0 28.0 8.0 21.0 20.0 12.0 10.0 1.0 3.0 0.0 0.0 45.0 21.0 52.0 37.0 33.0 21.0 17.0 7.0 3.0 1.0 29.0 20.0 37.0 14.0 11.0 8.0 6.0 3.0 0.0 0.0 27.0 12.0 33.0 11.0 12.0 0.0 4.0 3.0 0.0 0.0 9.0 10.0 21.0 8.0 0.0 16.0 4.0 0.0 0.0 0.0 9.0 1.0 17.0 6.0 4.0 4.0 2.0 3.0 2.0 0.0 4.0 3.0 7.0 3.0 3.0 0.0 3.0 0.0 1.0 0.0 3.0 0.0 3.0 0.0 0.0 0.0 2.0 1.0 0.0 3.0 5.0 0.0 1.0 0.0 0.0 0.0 0.0 0.0 3.0 6.0
86 10 100 22.0 28.0 45.0 29.0 27.0 9.0 9.0 4.0 3.0 10.0 28.0 8.0 21.0 20.0 12.0 10.0 1.0 3.0 0.0 0.0 45.0 21.0 52.0 37.0 33.0 21.0 17.0 7.0 3.0 1.0 29.0 20.0 37.0 14.0 11.0 8.0 6.0 3.0 0.0 0.0 27.0 12.0 33.0 11.0 12.0 0.0 4.0 3.0 0.0 0.0 9.0 10.0 21.0 8.0 0.0 16.0 4.0 0.0 0.0 0.0 9.0 1.0 17.0 6.0 4.0 4.0 2.0 3.0 2.0 0.0 4.0 3.0 7.0 3.0 3.0 0.0 3.0 0.0 1.0 0.0 3.0 0.0 3.0 0.0 0.0 0.0 2.0 1.0 0.0 3.0 10.0 0.0 1.0 0.0 0.0 0.0 0.0 0.0 3.0 6.0
87 10 100 22.0 28.0 45.0 29.0 27.0 9.0 9.0 4.0 6.0 10.0 28.0 8.0 21.0 20.0 12.0 10.0 1.0 3.0 0.0 0.0 45.0 21.0 52.0 37.0 33.0 21.0 17.0 7.0 3.0 1.0 29.0 20.0 37.0 14.0 11.0 8.0 6.0 3.0 0.0 0.0 27.0 12.0 33.0 11.0 12.0 0.0 4.0 3.0 0.0 0.0 9.0 10.0 21.0 8.0 0.0 16.0 4.0 0.0 0.0 0.0 9.0 1.0 17.0 6.0 4.0 4.0 2.0 3.0 2.0 0.0 4.0 3.0 7.0 3.0 3.0 0.0 3.0 0.0 1.0 0.0 6.0 0.0 3.0 0.0 0.0 0.0 2.0 1.0 0.0 6.0 10.0 0.0 1.0 0.0 0.0 0.0 0.0 0.0 6.0 6.0
88 10 100 26.0 28.0 45.0 29.0 27.0 9.0 9.0 4.0 9.0 11.0 28.0 8.0 21.0 20.0 12.0 10.0 1.0 3.0 0.0 0.0 45.0 21.0 52.0 37.0 33.0 21.0 17.0 7.0 3.0 1.0 29.0 20.0 37.0 14.0 11.0 8.0 6.0 3.0 0.0 0.0 27.0 12.0 33.0 11.0 12.0 0.0 4.0 3.0 0.0 0.0 9.0 10.0 21.0 8.0 0.0 16.0 4.0 0.0 0.0 0.0 9.0 1.0 17.0 6.0 4.0 4.0 2.0 3.0 2.0 0.0 4.0 3.0 7.0 3.0 3.0 0.0 3.0 0.0 1.0 0.0 9.0 0.0 3.0 0.0 0.0 0.0 2.0 1.0 0.0 6.0 11.0 0.0 1.0 0.0 0.0 0.0 0.0 0.0 6.0 6.0
89 10 100 34.0 28.0 45.0 29.0 27.0 9.0 9.0 4.0 11.0 11.0 28.0 8.0 21.0 20.0 12.0 10.0 1.0 3.0 0.0 0.0 45.0 21.0 52.0 37.0 33.0 21.0 17.0 7.0 3.0 1.0 29.0 20.0 37.0 14.0 11.0 8.0 6.0 3.0 0.0 0.0 27.0 12.0 33.0 11.0 12.0 0.0 4.0 3.0 0.0 0.0 9.0 10.0 21.0 8.0 0.0 16.0 4.0 0.0 0.0 0.0 9.0 1.0 17.0 6.0 4.0 4.0 2.0 3.0 2.0 0.0 4.0 3.0 7.0 3.0 3.0 0.0 3.0 0.0 1.0 0.0 11.0 0.0 3.0 0.0 0.0 0.0 2.0 1.0 0.0 6.0 11.0 0.0 1.0 0.0 0.0 0.0 0.0 0.0 6.0 6.0
90 11 121 34.0 28.0 45.0 29.0 27.0 9.0 9.0 4.0 11.0 11.0 5.0 28.0 8.0 21.0 20.0 12.0 10.0 1.0 3.0 0.0 0.0 0.0 45.0 21.0 52.0 37.0 33.0 21.0 17.0 7.0 3.0 1.0 0.0 29.0 20.0 37.0 14.0 11.0 8.0 6.0 3.0 0.0 0.0 0.0 27.0 12.0 33.0 11.0 12.0 0.0 4.0 3.0 0.0 0.0 0.0 9.0 10.0 21.0 8.0 0.0 16.0 4.0 0.0 0.0 0.0 0.0 9.0 1.0 17.0 6.0 4.0 4.0 2.0 3.0 2.0 0.0 0.0 4.0 3.0 7.0 3.0 3.0 0.0 3.0 0.0 1.0 0.0 0.0 11.0 0.0 3.0 0.0 0.0 0.0 2.0 1.0 0.0 6.0 1.0 11.0 0.0 1.0 0.0 0.0 0.0 0.0 0.0 6.0 6.0 0.0 5.0 0.0 0.0 0.0 0.0 0.0 0.0 0.0 1.0 0.0 0.0
91 11 121 34.0 28.0 48.0 29.0 27.0 9.0 9.0 4.0 11.0 11.0 5.0 28.0 8.0 21.0 20.0 12.0 10.0 1.0 3.0 0.0 0.0 0.0 48.0 21.0 52.0 37.0 33.0 21.0 17.0 7.0 3.0 1.0 3.0 29.0 20.0 37.0 14.0 11.0 8.0 6.0 3.0 0.0 0.0 0.0 27.0 12.0 33.0 11.0 12.0 0.0 4.0 3.0 0.0 0.0 0.0 9.0 10.0 21.0 8.0 0.0 16.0 4.0 0.0 0.0 0.0 0.0 9.0 1.0 17.0 6.0 4.0 4.0 2.0 3.0 2.0 0.0 0.0 4.0 3.0 7.0 3.0 3.0 0.0 3.0 0.0 1.0 0.0 0.0 11.0 0.0 3.0 0.0 0.0 0.0 2.0 1.0 0.0 6.0 1.0 11.0 0.0 1.0 0.0 0.0 0.0 0.0 0.0 6.0 6.0 0.0 5.0 0.0 3.0 0.0 0.0 0.0 0.0 0.0 1.0 0.0 0.0
92 11 121 34.0 28.0 48.0 29.0 27.0 9.0 9.0 5.0 11.0 11.0 5.0 28.0 8.0 21.0 20.0 12.0 10.0 1.0 3.0 0.0 0.0 0.0 48.0 21.0 52.0 37.0 33.0 21.0 17.0 10.0 3.0 1.0 3.0 29.0 20.0 37.0 14.0 11.0 8.0 6.0 3.0 0.0 0.0 0.0 27.0 12.0 33.0 11.0 12.0 0.0 4.0 3.0 0.0 0.0 0.0 9.0 10.0 21.0 8.0 0.0 16.0 4.0 0.0 0.0 0.0 0.0 9.0 1.0 17.0 6.0 4.0 4.0 2.0 3.0 2.0 0.0 0.0 5.0 3.0 10.0 3.0 3.0 0.0 3.0 0.0 1.0 0.0 2.0 11.0 0.0 3.0 0.0 0.0 0.0 2.0 1.0 0.0 6.0 1.0 11.0 0.0 1.0 0.0 0.0 0.0 0.0 0.0 6.0 6.0 0.0 5.0 0.0 3.0 0.0 0.0 0.0 0.0 2.0 1.0 0.0 0.0
93 11 121 34.0 28.0 48.0 29.0 27.0 9.0 9.0 5.0 11.0 11.0 5.0 28.0 8.0 21.0 20.0 12.0 10.0 1.0 3.0 0.0 0.0 0.0 48.0 21.0 52.0 37.0 33.0 21.0 17.0 10.0 3.0 1.0 5.0 29.0 20.0 37.0 14.0 11.0 8.0 6.0 3.0 0.0 0.0 0.0 27.0 12.0 33.0 11.0 12.0 0.0 4.0 3.0 0.0 0.0 0.0 9.0 10.0 21.0 8.0 0.0 16.0 4.0 0.0 0.0 0.0 0.0 9.0 1.0 17.0 6.0 4.0 4.0 2.0 3.0 2.0 0.0 0.0 5.0 3.0 10.0 3.0 3.0 0.0 3.0 0.0 1.0 0.0 5.0 11.0 0.0 3.0 0.0 0.0 0.0 2.0 1.0 0.0 6.0 1.0 11.0 0.0 1.0 0.0 0.0 0.0 0.0 0.0 6.0 6.0 0.0 5.0 0.0 5.0 0.0 0.0 0.0 0.0 5.0 1.0 0.0 2.0
94 11 121 34.0 28.0 48.0 29.0 27.0 9.0 9.0 5.0 11.0 11.0 5.0 28.0 8.0 21.0 20.0 12.0 10.0 1.0 3.0 0.0 0.0 0.0 48.0 21.0 52.0 37.0 34.0 21.0 17.0 10.0 3.0 1.0 5.0 29.0 20.0 37.0 14.0 11.0 8.0 6.0 3.0 0.0 0.0 0.0 27.0 12.0 34.0 11.0 12.0 0.0 4.0 5.0 0.0 0.0 3.0 9.0 10.0 21.0 8.0 0.0 16.0 4.0 0.0 0.0 0.0 0.0 9.0 1.0 17.0 6.0 4.0 4.0 2.0 3.0 2.0 0.0 0.0 5.0 3.0 10.0 3.0 5.0 0.0 3.0 0.0 1.0 0.0 5.0 11.0 0.0 3.0 0.0 0.0 0.0 2.0 1.0 0.0 6.0 1.0 11.0 0.0 1.0 0.0 0.0 0.0 0.0 0.0 6.0 6.0 0.0 5.0 0.0 5.0 0.0 3.0 0.0 0.0 5.0 1.0 0.0 2.0
95 11 121 34.0 28.0 48.0 29.0 27.0 9.0 9.0 5.0 11.0 11.0 5.0 28.0 8.0 21.0 20.0 15.0 10.0 1.0 4.0 0.0 0.0 2.0 48.0 21.0 52.0 37.0 34.0 21.0 17.0 10.0 3.0 1.0 5.0 29.0 20.0 37.0 14.0 11.0 8.0 6.0 3.0 0.0 0.0 0.0 27.0 15.0 34.0 11.0 12.0 0.0 4.0 5.0 0.0 0.0 3.0 9.0 10.0 21.0 8.0 0.0 16.0 4.0 0.0 0.0 0.0 0.0 9.0 1.0 17.0 6.0 4.0 4.0 2.0 3.0 2.0 0.0 0.0 5.0 4.0 10.0 3.0 5.0 0.0 3.0 0.0 1.0 0.0 5.0 11.0 0.0 3.0 0.0 0.0 0.0 2.0 1.0 0.0 6.0 1.0 11.0 0.0 1.0 0.0 0.0 0.0 0.0 0.0 6.0 6.0 0.0 5.0 2.0 5.0 0.0 3.0 0.0 0.0 5.0 1.0 0.0 2.0
96 11 121 34.0 28.0 48.0 29.0 27.0 9.0 9.0 5.0 11.0 11.0 5.0 28.0 8.0 21.0 23.0 15.0 10.0 1.0 4.0 0.0 0.0 2.0 48.0 21.0 52.0 37.0 34.0 21.0 17.0 10.0 3.0 1.0 5.0 29.0 23.0 37.0 14.0 13.0 8.0 6.0 3.0 0.0 0.0 1.0 27.0 15.0 34.0 13.0 12.0 0.0 4.0 5.0 0.0 0.0 3.0 9.0 10.0 21.0 8.0 0.0 16.0 4.0 0.0 0.0 0.0 0.0 9.0 1.0 17.0 6.0 4.0 4.0 2.0 3.0 2.0 0.0 0.0 5.0 4.0 10.0 3.0 5.0 0.0 3.0 0.0 1.0 0.0 5.0 11.0 0.0 3.0 0.0 0.0 0.0 2.0 1.0 0.0 6.0 1.0 11.0 0.0 1.0 0.0 0.0 0.0 0.0 0.0 6.0 6.0 0.0 5.0 2.0 5.0 1.0 3.0 0.0 0.0 5.0 1.0 0.0 2.0
97 11 121 34.0 28.0 48.0 29.0 27.0 9.0 9.0 5.0 11.0 11.0 5.0 28.0 8.0 21.0 23.0 15.0 10.0 3.0 4.0 0.0 0.0 2.0 48.0 21.0 52.0 37.0 34.0 21.0 17.0 10.0 3.0 1.0 5.0 29.0 23.0 37.0 14.0 13.0 8.0 9.0 3.0 0.0 0.0 1.0 27.0 15.0 34.0 13.0 12.0 0.0 5.0 5.0 0.0 0.0 3.0 9.0 10.0 21.0 8.0 0.0 16.0 4.0 0.0 0.0 0.0 0.0 9.0 3.0 17.0 9.0 5.0 4.0 2.0 3.0 2.0 0.0 0.0 5.0 4.0 10.0 3.0 5.0 0.0 3.0 0.0 1.0 0.0 5.0 11.0 0.0 3.0 0.0 0.0 0.0 2.0 1.0 0.0 6.0 1.0 11.0 0.0 1.0 0.0 0.0 0.0 0.0 0.0 6.0 6.0 0.0 5.0 2.0 5.0 1.0 3.0 0.0 0.0 5.0 1.0 0.0 2.0
98 11 121 34.0 28.0 48.0 29.0 27.0 9.0 9.0 5.0 11.0 11.0 5.0 28.0 8.0 22.0 23.0 15.0 10.0 3.0 4.0 0.0 0.0 2.0 48.0 22.0 52.0 39.0 34.0 21.0 20.0 10.0 3.0 1.0 5.0 29.0 23.0 39.0 14.0 13.0 8.0 9.0 3.0 0.0 0.0 1.0 27.0 15.0 34.0 13.0 12.0 0.0 5.0 5.0 0.0 0.0 3.0 9.0 10.0 21.0 8.0 0.0 16.0 4.0 0.0 0.0 0.0 0.0 9.0 3.0 20.0 9.0 5.0 4.0 2.0 3.0 2.0 0.0 0.0 5.0 4.0 10.0 3.0 5.0 0.0 3.0 0.0 1.0 0.0 5.0 11.0 0.0 3.0 0.0 0.0 0.0 2.0 1.0 0.0 6.0 1.0 11.0 0.0 1.0 0.0 0.0 0.0 0.0 0.0 6.0 6.0 0.0 5.0 2.0 5.0 1.0 3.0 0.0 0.0 5.0 1.0 0.0 2.0
99 11 121 34.0 28.0 48.0 29.0 27.0 9.0 9.0 5.0 11.0 11.0 5.0 28.0 8.0 25.0 24.0 15.0 10.0 5.0 4.0 0.0 0.0 2.0 48.0 25.0 52.0 39.0 34.0 21.0 20.0 10.0 3.0 1.0 5.0 29.0 24.0 39.0 14.0 13.0 8.0 9.0 3.0 0.0 0.0 1.0 27.0 15.0 34.0 13.0 12.0 0.0 5.0 5.0 0.0 0.0 3.0 9.0 10.0 21.0 8.0 0.0 16.0 4.0 0.0 0.0 0.0 0.0 9.0 5.0 20.0 9.0 5.0 4.0 2.0 3.0 2.0 0.0 0.0 5.0 4.0 10.0 3.0 5.0 0.0 3.0 0.0 1.0 0.0 5.0 11.0 0.0 3.0 0.0 0.0 0.0 2.0 1.0 0.0 6.0 1.0 11.0 0.0 1.0 0.0 0.0 0.0 0.0 0.0 6.0 6.0 0.0 5.0 2.0 5.0 1.0 3.0 0.0 0.0 5.0 1.0 0.0 2.0
