100
0 1 1 0.0
1 2 4 0.0 4.0 4.0 0.0
2 2 4 0.0 7.0 7.0 8.0
3 2 4 0.0 9.0 9.0 22.0
4 2 4 2.0 18.0 18.0 22.0
5 2 4 2.0 22.0 22.0 34.0
6 2 4 2.0 25.0 25.0 48.0
7 2 4 2.0 27.0 27.0 64.0
8 3 9 2.0 27.0 1.0 27.0 64.0 9.0 1.0 9.0 0.0
9 3 9 2.0 33.0 5.0 33.0 64.0 9.0 5.0 9.0 0.0
10 3 9 2.0 37.0 5.0 37.0 70.0 12.0 5.0 12.0 0.0
11 3 9 2.0 37.0 8.0 37.0 70.0 17.0 8.0 17.0 4.0
12 3 9 2.0 37.0 10.0 37.0 70.0 20.0 10.0 20.0 14.0
13 3 9 2.0 37.0 11.0 37.0 70.0 22.0 11.0 22.0 28.0
14 3 9 2.0 37.0 11.0 37.0 70.0 22.0 11.0 22.0 28.0
15 3 9 2.0 37.0 11.0 37.0 70.0 22.0 11.0 22.0 28.0
16 3 9 10.0 37.0 11.0 37.0 70.0 22.0 11.0 22.0 28.0
17 4 16 10.0 37.0 11.0 7.0 37.0 70.0 22.0 0.0 11.0 22.0 28.0 0.0 7.0 0.0 0.0 0.0
18 4 16 10.0 37.0 16.0 7.0 37.0 70.0 22.0 0.0 16.0 22.0 28.0 4.0 7.0 0.0 4.0 0.0
19 4 16 10.0 37.0 16.0 7.0 37.0 70.0 22.0 0.0 16.0 22.0 28.0 4.0 7.0 0.0 4.0 0.0
20 4 16 10.0 37.0 16.0 7.0 37.0 70.0 22.0 0.0 16.0 22.0 28.0 4.0 7.0 0.0 4.0 0.0
21 4 16 10.0 37.0 16.0 11.0 37.0 70.0 22.0 0.0 16.0 22.0 28.0 4.0 11.0 0.0 4.0 0.0
22 4 16 10.0 40.0 16.0 11.0 40.0 70.0 22.0 4.0 16.0 22.0 28.0 4.0 11.0 4.0 4.0 0.0
23 4 16 10.0 40.0 16.0 13.0 40.0 70.0 22.0 8.0 16.0 22.0 28.0 4.0 13.0 8.0 4.0 6.0
24 5 25 10.0 40.0 16.0 13.0 1.0 40.0 70.0 22.0 8.0 3.0 16.0 22.0 28.0 4.0 0.0 13.0 8.0 4.0 6.0 6.0 1.0 3.0 0.0 6.0 0.0
25 5 25 10.0 40.0 16.0 13.0 1.0 40.0 74.0 22.0 12.0 7.0 16.0 22.0 28.0 4.0 0.0 13.0 12.0 4.0 6.0 6.0 1.0 7.0 0.0 6.0 0.0
26 5 25 10.0 40.0 16.0 13.0 1.0 40.0 74.0 27.0 12.0 7.0 16.0 27.0 28.0 6.0 3.0 13.0 12.0 6.0 6.0 6.0 1.0 7.0 3.0 6.0 0.0
27 5 25 10.0 40.0 16.0 13.0 1.0 40.0 74.0 27.0 15.0 7.0 16.0 27.0 28.0 10.0 3.0 13.0 15.0 10.0 8.0 8.0 1.0 7.0 3.0 8.0 0.0
28 5 25 10.0 40.0 16.0 13.0 1.0 40.0 74.0 27.0 15.0 7.0 16.0 27.0 28.0 10.0 3.0 13.0 15.0 10.0 8.0 8.0 1.0 7.0 3.0 8.0 0.0
29 5 25 10.0 40.0 16.0 13.0 1.0 40.0 74.0 27.0 15.0 7.0 16.0 27.0 28.0 10.0 3.0 13.0 15.0 10.0 8.0 8.0 1.0 7.0 3.0 8.0 0.0
30 5 25 10.0 40.0 16.0 13.0 1.0 40.0 74.0 27.0 15.0 7.0 16.0 27.0 28.0 10.0 3.0 13.0 15.0 10.0 8.0 8.0 1.0 7.0 3.0 8.0 0.0
31 5 25 10.0 40.0 16.0 13.0 1.0 40.0 74.0 27.0 15.0 7.0 16.0 27.0 28.0 10.0 3.0 13.0 15.0 10.0 8.0 8.0 1.0 7.0 3.0 8.0 0.0
32 5 25 10.0 40.0 20.0 13.0 1.0 40.0 74.0 27.0 15.0 7.0 20.0 27.0 28.0 10.0 3.0 13.0 15.0 10.0 8.0 8.0 1.0 7.0 3.0 8.0 0.0
33 5 25 10.0 40.0 20.0 13.0 1.0 40.0 74.0 27.0 15.0 7.0 20.0 27.0 28.0 10.0 3.0 13.0 15.0 10.0 8.0 8.0 1.0 7.0 3.0 8.0 0.0
34 5 25 10.0 40.0 20.0 13.0 1.0 40.0 74.0 27.0 15.0 7.0 20.0 27.0 28.0 10.0 3.0 13.0 15.0 10.0 8.0 8.0 1.0 7.0 3.0 8.0 0.0
35 5 25 10.0 40.0 20.0 17.0 1.0 40.0 74.0 27.0 15.0 7.0 20.0 27.0 28.0 10.0 3.0 17.0 15.0 10.0 8.0 8.0 1.0 7.0 3.0 8.0 0.0
36 5 25 10.0 40.0 20.0 20.0 1.0 40.0 74.0 27.0 15.0 7.0 20.0 27.0 28.0 10.0 3.0 20.0 15.0 10.0 16.0 8.0 1.0 7.0 3.0 8.0 0.0
37 5 25 10.0 40.0 20.0 22.0 1.0 40.0 74.0 27.0 15.0 7.0 20.0 27.0 28.0 10.0 3.0 22.0 15.0 10.0 30.0 8.0 1.0 7.0 3.0 8.0 0.0
38 5 25 10.0 41.0 20.0 22.0 1.0 41.0 74.0 27.0 24.0 7.0 20.0 27.0 28.0 10.0 3.0 22.0 24.0 10.0 30.0 8.0 1.0 7.0 3.0 8.0 0.0
39 5 25 10.0 41.0 20.0 22.0 1.0 41.0 74.0 27.0 24.0 11.0 20.0 27.0 28.0 10.0 3.0 22.0 24.0 10.0 30.0 14.0 1.0 11.0 3.0 14.0 0.0
40 5 25 10.0 41.0 20.0 22.0 1.0 41.0 74.0 27.0 27.0 11.0 20.0 27.0 28.0 10.0 3.0 22.0 27.0 10.0 36.0 18.0 1.0 11.0 3.0 18.0 0.0
41 5 25 10.0 43.0 20.0 27.0 4.0 43.0 74.0 27.0 27.0 11.0 20.0 27.0 28.0 10.0 3.0 27.0 27.0 10.0 36.0 18.0 4.0 11.0 3.0 18.0 0.0
42 5 25 10.0 43.0 20.0 31.0 4.0 43.0 74.0 27.0 28.0 11.0 20.0 27.0 28.0 10.0 3.0 31.0 28.0 10.0 42.0 20.0 4.0 11.0 3.0 20.0 0.0
43 5 25 10.0 43.0 20.0 31.0 7.0 43.0 74.0 27.0 28.0 11.0 20.0 27.0 28.0 10.0 3.0 31.0 28.0 10.0 42.0 26.0 7.0 11.0 3.0 26.0 2.0
44 5 25 10.0 45.0 20.0 31.0 7.0 45.0 74.0 27.0 32.0 15.0 20.0 27.0 28.0 10.0 3.0 31.0 32.0 10.0 42.0 26.0 7.0 15.0 3.0 26.0 2.0
45 6 36 10.0 45.0 20.0 31.0 7.0 1.0 45.0 74.0 27.0 32.0 15.0 4.0 20.0 27.0 28.0 10.0 3.0 0.0 31.0 32.0 10.0 42.0 26.0 2.0 7.0 15.0 3.0 26.0 2.0 3.0 1.0 4.0 0.0 2.0 3.0 0.0
46 6 36 10.0 45.0 20.0 31.0 7.0 1.0 45.0 74.0 27.0 32.0 15.0 4.0 20.0 27.0 28.0 10.0 3.0 0.0 31.0 32.0 10.0 42.0 26.0 2.0 7.0 15.0 3.0 26.0 2.0 3.0 1.0 4.0 0.0 2.0 3.0 0.0
47 6 36 10.0 45.0 20.0 31.0 7.0 1.0 45.0 74.0 27.0 32.0 15.0 4.0 20.0 27.0 28.0 10.0 3.0 0.0 31.0 32.0 10.0 42.0 26.0 2.0 7.0 15.0 3.0 26.0 2.0 3.0 1.0 4.0 0.0 2.0 3.0 0.0
48 6 36 10.0 45.0 20.0 31.0 7.0 1.0 45.0 74.0 27.0 32.0 15.0 4.0 20.0 27.0 28.0 10.0 3.0 0.0 31.0 32.0 10.0 42.0 26.0 2.0 7.0 15.0 3.0 26.0 10.0 3.0 1.0 4.0 0.0 2.0 3.0 0.0
49 6 36 10.0 45.0 20.0 31.0 7.0 1.0 45.0 74.0 27.0 32.0 15.0 4.0 20.0 27.0 28.0 10.0 3.0 0.0 31.0 32.0 10.0 42.0 33.0 2.0 7.0 15.0 3.0 33.0 10.0 3.0 1.0 4.0 0.0 2.0 3.0 0.0
50 6 36 10.0 45.0 20.0 35.0 12.0 1.0 45.0 74.0 27.0 32.0 15.0 4.0 20.0 27.0 28.0 10.0 3.0 0.0 35.0 32.0 10.0 42.0 33.0 2.0 12.0 15.0 3.0 33.0 10.0 3.0 1.0 4.0 0.0 2.0 3.0 0.0
51 6 36 10.0 45.0 20.0 35.0 16.0 1.0 45.0 74.0 27.0 32.0 15.0 4.0 20.0 27.0 28.0 10.0 3.0 0.0 35.0 32.0 10.0 42.0 36.0 2.0 16.0 15.0 3.0 36.0 16.0 3.0 1.0 4.0 0.0 2.0 3.0 0.0
52 7 49 10.0 45.0 20.0 35.0 16.0 1.0 3.0 45.0 74.0 27.0 32.0 15.0 4.0 0.0 20.0 27.0 28.0 10.0 3.0 0.0 0.0 35.0 32.0 10.0 42.0 36.0 2.0 2.0 16.0 15.0 3.0 36.0 16.0 3.0 5.0 1.0 4.0 0.0 2.0 3.0 0.0 0.0 3.0 0.0 0.0 2.0 5.0 0.0 0.0
53 7 49 14.0 45.0 20.0 36.0 19.0 1.0 7.0 45.0 74.0 27.0 32.0 15.0 4.0 0.0 20.0 27.0 28.0 10.0 3.0 0.0 0.0 36.0 32.0 10.0 42.0 36.0 2.0 2.0 19.0 15.0 3.0 36.0 16.0 3.0 5.0 1.0 4.0 0.0 2.0 3.0 0.0 0.0 7.0 0.0 0.0 2.0 5.0 0.0 0.0
54 7 49 14.0 45.0 20.0 36.0 24.0 1.0 7.0 45.0 74.0 27.0 32.0 15.0 4.0 0.0 20.0 27.0 28.0 10.0 3.0 0.0 0.0 36.0 32.0 10.0 42.0 36.0 2.0 2.0 24.0 15.0 3.0 36.0 20.0 3.0 8.0 1.0 4.0 0.0 2.0 3.0 0.0 0.0 7.0 0.0 0.0 2.0 8.0 0.0 0.0
55 7 49 14.0 45.0 20.0 36.0 24.0 1.0 7.0 45.0 74.0 27.0 32.0 15.0 4.0 0.0 20.0 27.0 28.0 10.0 3.0 0.0 0.0 36.0 32.0 10.0 42.0 36.0 2.0 2.0 24.0 15.0 3.0 36.0 20.0 3.0 8.0 1.0 4.0 0.0 2.0 3.0 0.0 0.0 7.0 0.0 0.0 2.0 8.0 0.0 0.0
56 7 49 14.0 45.0 20.0 36.0 24.0 1.0 7.0 45.0 74.0 27.0 32.0 15.0 4.0 0.0 20.0 27.0 28.0 10.0 3.0 0.0 0.0 36.0 32.0 10.0 42.0 36.0 2.0 2.0 24.0 15.0 3.0 36.0 20.0 3.0 8.0 1.0 4.0 0.0 2.0 3.0 0.0 0.0 7.0 0.0 0.0 2.0 8.0 0.0 0.0
57 7 49 14.0 45.0 20.0 36.0 24.0 1.0 7.0 45.0 74.0 27.0 32.0 15.0 4.0 0.0 20.0 27.0 28.0 10.0 3.0 0.0 0.0 36.0 32.0 10.0 42.0 36.0 2.0 6.0 24.0 15.0 3.0 36.0 20.0 3.0 8.0 1.0 4.0 0.0 2.0 3.0 0.0 0.0 7.0 0.0 0.0 6.0 8.0 0.0 0.0
58 8 64 14.0 45.0 20.0 36.0 24.0 1.0 7.0 0.0 45.0 74.0 27.0 32.0 15.0 4.0 0.0 0.0 20.0 27.0 28.0 10.0 3.0 0.0 0.0 0.0 36.0 32.0 10.0 42.0 36.0 2.0 6.0 3.0 24.0 15.0 3.0 36.0 20.0 3.0 8.0 0.0 1.0 4.0 0.0 2.0 3.0 0.0 0.0 0.0 7.0 0.0 0.0 6.0 8.0 0.0 0.0 4.0 0.0 0.0 0.0 3.0 0.0 0.0 4.0 0.0
59 8 64 14.0 45.0 20.0 36.0 24.0 1.0 7.0 0.0 45.0 74.0 27.0 32.0 15.0 4.0 0.0 0.0 20.0 27.0 28.0 10.0 3.0 0.0 0.0 0.0 36.0 32.0 10.0 42.0 36.0 2.0 6.0 5.0 24.0 15.0 3.0 36.0 20.0 3.0 8.0 0.0 1.0 4.0 0.0 2.0 3.0 0.0 0.0 0.0 7.0 0.0 0.0 6.0 8.0 0.0 0.0 7.0 0.0 0.0 0.0 5.0 0.0 0.0 7.0 8.0
60 8 64 14.0 45.0 20.0 36.0 24.0 1.0 7.0 0.0 45.0 74.0 27.0 32.0 15.0 4.0 0.0 0.0 20.0 27.0 28.0 10.0 3.0 0.0 0.0 0.0 36.0 32.0 10.0 42.0 36.0 2.0 6.0 6.0 24.0 15.0 3.0 36.0 20.0 3.0 8.0 0.0 1.0 4.0 0.0 2.0 3.0 0.0 0.0 0.0 7.0 0.0 0.0 6.0 8.0 0.0 0.0 9.0 0.0 0.0 0.0 6.0 0.0 0.0 9.0 22.0
61 8 64 14.0 45.0 20.0 36.0 24.0 1.0 8.0 9.0 45.0 74.0 27.0 32.0 15.0 4.0 0.0 0.0 20.0 27.0 28.0 10.0 3.0 0.0 0.0 0.0 36.0 32.0 10.0 42.0 36.0 2.0 6.0 6.0 24.0 15.0 3.0 36.0 20.0 3.0 8.0 0.0 1.0 4.0 0.0 2.0 3.0 0.0 0.0 0.0 8.0 0.0 0.0 6.0 8.0 0.0 0.0 9.0 9.0 0.0 0.0 6.0 0.0 0.0 9.0 22.0
62 8 64 14.0 45.0 20.0 36.0 24.0 5.0 8.0 9.0 45.0 74.0 27.0 32.0 15.0 4.0 0.0 0.0 20.0 27.0 28.0 10.0 3.0 0.0 0.0 0.0 36.0 32.0 10.0 42.0 36.0 2.0 6.0 6.0 24.0 15.0 3.0 36.0 20.0 3.0 8.0 0.0 5.0 4.0 0.0 2.0 3.0 0.0 0.0 6.0 8.0 0.0 0.0 6.0 8.0 0.0 0.0 9.0 9.0 0.0 0.0 6.0 0.0 6.0 9.0 22.0
63 8 64 14.0 45.0 20.0 36.0 24.0 8.0 8.0 9.0 45.0 74.0 27.0 32.0 15.0 4.0 0.0 0.0 20.0 27.0 28.0 10.0 3.0 0.0 0.0 0.0 36.0 32.0 10.0 42.0 36.0 2.0 6.0 6.0 24.0 15.0 3.0 36.0 20.0 3.0 8.0 0.0 8.0 4.0 0.0 2.0 3.0 8.0 0.0 9.0 8.0 0.0 0.0 6.0 8.0 0.0 0.0 9.0 9.0 0.0 0.0 6.0 0.0 9.0 9.0 22.0
64 8 64 18.0 45.0 20.0 36.0 24.0 15.0 8.0 10.0 45.0 74.0 27.0 32.0 15.0 4.0 0.0 0.0 20.0 27.0 28.0 10.0 3.0 0.0 0.0 0.0 36.0 32.0 10.0 42.0 36.0 2.0 6.0 6.0 24.0 15.0 3.0 36.0 20.0 3.0 8.0 0.0 15.0 4.0 0.0 2.0 3.0 8.0 0.0 9.0 8.0 0.0 0.0 6.0 8.0 0.0 0.0 9.0 10.0 0.0 0.0 6.0 0.0 9.0 9.0 22.0
65 8 64 28.0 45.0 20.0 36.0 24.0 20.0 8.0 10.0 45.0 74.0 27.0 32.0 15.0 4.0 0.0 0.0 20.0 27.0 28.0 10.0 3.0 0.0 0.0 0.0 36.0 32.0 10.0 42.0 36.0 2.0 6.0 6.0 24.0 15.0 3.0 36.0 20.0 3.0 8.0 0.0 20.0 4.0 0.0 2.0 3.0 8.0 0.0 9.0 8.0 0.0 0.0 6.0 8.0 0.0 0.0 9.0 10.0 0.0 0.0 6.0 0.0 9.0 9.0 22.0
66 8 64 42.0 45.0 20.0 36.0 24.0 23.0 8.0 10.0 45.0 74.0 27.0 32.0 15.0 4.0 0.0 0.0 20.0 27.0 28.0 10.0 3.0 0.0 0.0 0.0 36.0 32.0 10.0 42.0 36.0 2.0 6.0 6.0 24.0 15.0 3.0 36.0 20.0 3.0 8.0 0.0 23.0 4.0 0.0 2.0 3.0 8.0 0.0 9.0 8.0 0.0 0.0 6.0 8.0 0.0 0.0 9.0 10.0 0.0 0.0 6.0 0.0 9.0 9.0 22.0
67 9 81 42.0 45.0 20.0 36.0 24.0 23.0 8.0 10.0 9.0 45.0 74.0 27.0 32.0 15.0 4.0 0.0 0.0 0.0 20.0 27.0 28.0 10.0 3.0 0.0 0.0 0.0 0.0 36.0 32.0 10.0 42.0 36.0 2.0 6.0 6.0 0.0 24.0 15.0 3.0 36.0 20.0 3.0 8.0 0.0 0.0 23.0 4.0 0.0 2.0 3.0 8.0 0.0 9.0 1.0 8.0 0.0 0.0 6.0 8.0 0.0 0.0 9.0 0.0 10.0 0.0 0.0 6.0 0.0 9.0 9.0 22.0 0.0 9.0 0.0 0.0 0.0 0.0 1.0 0.0 0.0 0.0
68 9 81 54.0 45.0 20.0 36.0 24.0 23.0 8.0 10.0 13.0 45.0 74.0 27.0 32.0 15.0 4.0 0.0 0.0 0.0 20.0 27.0 28.0 10.0 3.0 0.0 0.0 0.0 0.0 36.0 32.0 10.0 42.0 36.0 2.0 6.0 6.0 0.0 24.0 15.0 3.0 36.0 20.0 3.0 8.0 0.0 0.0 23.0 4.0 0.0 2.0 3.0 8.0 0.0 9.0 1.0 8.0 0.0 0.0 6.0 8.0 0.0 0.0 9.0 0.0 10.0 0.0 0.0 6.0 0.0 9.0 9.0 22.0 0.0 13.0 0.0 0.0 0.0 0.0 1.0 0.0 0.0 0.0
69 9 81 54.0 52.0 20.0 36.0 24.0 23.0 8.0 10.0 13.0 52.0 74.0 27.0 32.0 15.0 4.0 0.0 0.0 3.0 20.0 27.0 28.0 10.0 3.0 0.0 0.0 0.0 0.0 36.0 32.0 10.0 42.0 36.0 2.0 6.0 6.0 0.0 24.0 15.0 3.0 36.0 20.0 3.0 8.0 0.0 0.0 23.0 4.0 0.0 2.0 3.0 8.0 0.0 9.0 1.0 8.0 0.0 0.0 6.0 8.0 0.0 0.0 9.0 0.0 10.0 0.0 0.0 6.0 0.0 9.0 9.0 22.0 0.0 13.0 3.0 0.0 0.0 0.0 1.0 0.0 0.0 0.0
70 9 81 54.0 52.0 20.0 36.0 24.0 23.0 12.0 10.0 13.0 52.0 74.0 27.0 32.0 15.0 4.0 4.0 0.0 3.0 20.0 27.0 28.0 10.0 3.0 0.0 0.0 0.0 0.0 36.0 32.0 10.0 42.0 36.0 2.0 6.0 6.0 0.0 24.0 15.0 3.0 36.0 20.0 3.0 8.0 0.0 0.0 23.0 4.0 0.0 2.0 3.0 8.0 0.0 9.0 1.0 12.0 4.0 0.0 6.0 8.0 0.0 0.0 9.0 2.0 10.0 0.0 0.0 6.0 0.0 9.0 9.0 22.0 0.0 13.0 3.0 0.0 0.0 0.0 1.0 2.0 0.0 0.0
71 9 81 54.0 54.0 20.0 36.0 24.0 23.0 12.0 10.0 13.0 54.0 80.0 27.0 32.0 15.0 4.0 8.0 0.0 4.0 20.0 27.0 28.0 10.0 3.0 0.0 0.0 0.0 0.0 36.0 32.0 10.0 42.0 36.0 2.0 6.0 6.0 0.0 24.0 15.0 3.0 36.0 20.0 3.0 8.0 0.0 0.0 23.0 4.0 0.0 2.0 3.0 8.0 0.0 9.0 1.0 12.0 8.0 0.0 6.0 8.0 0.0 0.0 9.0 2.0 10.0 0.0 0.0 6.0 0.0 9.0 9.0 22.0 0.0 13.0 4.0 0.0 0.0 0.0 1.0 2.0 0.0 0.0
72 9 81 54.0 54.0 20.0 37.0 24.0 23.0 12.0 10.0 13.0 54.0 80.0 27.0 38.0 15.0 4.0 8.0 0.0 4.0 20.0 27.0 28.0 10.0 3.0 0.0 0.0 0.0 0.0 37.0 38.0 10.0 42.0 36.0 2.0 9.0 6.0 0.0 24.0 15.0 3.0 36.0 20.0 3.0 8.0 0.0 0.0 23.0 4.0 0.0 2.0 3.0 8.0 0.0 9.0 1.0 12.0 8.0 0.0 9.0 8.0 0.0 0.0 9.0 2.0 10.0 0.0 0.0 6.0 0.0 9.0 9.0 22.0 0.0 13.0 4.0 0.0 0.0 0.0 1.0 2.0 0.0 0.0
73 10 100 54.0 54.0 20.0 37.0 24.0 23.0 12.0 10.0 13.0 0.0 54.0 80.0 27.0 38.0 15.0 4.0 8.0 0.0 4.0 4.0 20.0 27.0 28.0 10.0 3.0 0.0 0.0 0.0 0.0 0.0 37.0 38.0 10.0 42.0 36.0 2.0 9.0 6.0 0.0 4.0 24.0 15.0 3.0 36.0 20.0 3.0 8.0 0.0 0.0 0.0 23.0 4.0 0.0 2.0 3.0 8.0 0.0 9.0 1.0 0.0 12.0 8.0 0.0 9.0 8.0 0.0 0.0 9.0 2.0 2.0 10.0 0.0 0.0 6.0 0.0 9.0 9.0 22.0 0.0 0.0 13.0 4.0 0.0 0.0 0.0 1.0 2.0 0.0 0.0 0.0 0.0 4.0 0.0 4.0 0.0 0.0 2.0 0.0 0.0 0.0
74 10 100 54.0 54.0 20.0 37.0 24.0 23.0 12.0 10.0 13.0 0.0 54.0 84.0 27.0 41.0 15.0 4.0 9.0 0.0 4.0 8.0 20.0 27.0 28.0 10.0 3.0 0.0 0.0 0.0 0.0 0.0 37.0 41.0 10.0 42.0 36.0 2.0 9.0 6.0 0.0 4.0 24.0 15.0 3.0 36.0 20.0 3.0 8.0 0.0 0.0 0.0 23.0 4.0 0.0 2.0 3.0 8.0 0.0 9.0 1.0 0.0 12.0 9.0 0.0 9.0 8.0 0.0 0.0 9.0 2.0 2.0 10.0 0.0 0.0 6.0 0.0 9.0 9.0 22.0 0.0 0.0 13.0 4.0 0.0 0.0 0.0 1.0 2.0 0.0 0.0 0.0 0.0 8.0 0.0 4.0 0.0 0.0 2.0 0.0 0.0 0.0
75 10 100 54.0 54.0 20.0 37.0 24.0 23.0 12.0 10.0 13.0 0.0 54.0 94.0 27.0 43.0 15.0 4.0 9.0 0.0 4.0 11.0 20.0 27.0 28.0 10.0 3.0 0.0 0.0 0.0 0.0 0.0 37.0 43.0 10.0 42.0 36.0 2.0 9.0 6.0 0.0 4.0 24.0 15.0 3.0 36.0 20.0 3.0 8.0 0.0 0.0 0.0 23.0 4.0 0.0 2.0 3.0 8.0 0.0 9.0 1.0 0.0 12.0 9.0 0.0 9.0 8.0 0.0 0.0 9.0 2.0 2.0 10.0 0.0 0.0 6.0 0.0 9.0 9.0 22.0 0.0 0.0 13.0 4.0 0.0 0.0 0.0 1.0 2.0 0.0 0.0 0.0 0.0 11.0 0.0 4.0 0.0 0.0 2.0 0.0 0.0 0.0
76 10 100 54.0 54.0 20.0 37.0 24.0 23.0 12.0 10.0 13.0 0.0 54.0 94.0 27.0 50.0 15.0 4.0 9.0 0.0 4.0 11.0 20.0 27.0 28.0 10.0 3.0 0.0 0.0 0.0 0.0 0.0 37.0 50.0 10.0 44.0 36.0 2.0 9.0 6.0 0.0 6.0 24.0 15.0 3.0 36.0 20.0 3.0 8.0 0.0 0.0 0.0 23.0 4.0 0.0 2.0 3.0 8.0 0.0 9.0 1.0 0.0 12.0 9.0 0.0 9.0 8.0 0.0 0.0 9.0 2.0 2.0 10.0 0.0 0.0 6.0 0.0 9.0 9.0 22.0 0.0 0.0 13.0 4.0 0.0 0.0 0.0 1.0 2.0 0.0 0.0 0.0 0.0 11.0 0.0 6.0 0.0 0.0 2.0 0.0 0.0 0.0
77 10 100 54.0 54.0 20.0 37.0 24.0 23.0 12.0 10.0 13.0 0.0 54.0 94.0 27.0 50.0 15.0 4.0 9.0 0.0 4.0 11.0 20.0 27.0 28.0 10.0 3.0 0.0 0.0 0.0 0.0 0.0 37.0 50.0 10.0 44.0 36.0 2.0 9.0 6.0 0.0 6.0 24.0 15.0 3.0 36.0 20.0 3.0 8.0 0.0 0.0 0.0 23.0 4.0 0.0 2.0 3.0 8.0 0.0 9.0 1.0 0.0 12.0 9.0 0.0 9.0 8.0 0.0 0.0 9.0 2.0 2.0 10.0 0.0 0.0 6.0 0.0 9.0 9.0 22.0 0.0 0.0 13.0 4.0 0.0 0.0 0.0 1.0 2.0 0.0 0.0 0.0 0.0 11.0 0.0 6.0 0.0 0.0 2.0 0.0 0.0 0.0
78 10 100 54.0 54.0 20.0 37.0 24.0 23.0 12.0 10.0 13.0 0.0 54.0 94.0 27.0 50.0 15.0 4.0 9.0 0.0 4.0 11.0 20.0 27.0 28.0 10.0 3.0 0.0 0.0 0.0 0.0 0.0 37.0 50.0 10.0 44.0 36.0 2.0 9.0 6.0 0.0 6.0 24.0 15.0 3.0 36.0 20.0 3.0 8.0 0.0 0.0 0.0 23.0 4.0 0.0 2.0 3.0 8.0 0.0 9.0 1.0 0.0 12.0 9.0 0.0 9.0 8.0 0.0 0.0 9.0 2.0 2.0 10.0 0.0 0.0 6.0 0.0 9.0 9.0 22.0 0.0 0.0 13.0 4.0 0.0 0.0 0.0 1.0 2.0 0.0 0.0 0.0 0.0 11.0 0.0 6.0 0.0 0.0 2.0 0.0 0.0 0.0
79 10 100 54.0 54.0 20.0 37.0 24.0 23.0 12.0 10.0 13.0 0.0 54.0 94.0 27.0 50.0 15.0 4.0 9.0 0.0 4.0 11.0 20.0 27.0 28.0 10.0 3.0 0.0 0.0 0.0 0.0 0.0 37.0 50.0 10.0 44.0 36.0 2.0 9.0 6.0 4.0 6.0 24.0 15.0 3.0 36.0 20.0 3.0 8.0 0.0 0.0 0.0 23.0 4.0 0.0 2.0 3.0 8.0 0.0 9.0 1.0 0.0 12.0 9.0 0.0 9.0 8.0 0.0 0.0 9.0 2.0 2.0 10.0 0.0 0.0 6.0 0.0 9.0 9.0 22.0 0.0 0.0 13.0 4.0 0.0 4.0 0.0 1.0 2.0 0.0 0.0 0.0 0.0 11.0 0.0 6.0 0.0 0.0 2.0 0.0 0.0 0.0
80 10 100 54.0 54.0 20.0 37.0 24.0 23.0 12.0 10.0 13.0 0.0 54.0 94.0 27.0 50.0 15.0 4.0 9.0 0.0 4.0 11.0 20.0 27.0 28.0 10.0 3.0 0.0 0.0 0.0 0.0 0.0 37.0 50.0 10.0 44.0 36.0 2.0 12.0 6.0 4.0 6.0 24.0 15.0 3.0 36.0 20.0 3.0 8.0 0.0 0.0 0.0 23.0 4.0 0.0 2.0 3.0 8.0 0.0 9.0 1.0 0.0 12.0 9.0 0.0 12.0 8.0 0.0 0.0 9.0 6.0 2.0 10.0 0.0 0.0 6.0 0.0 9.0 9.0 22.0 0.0 0.0 13.0 4.0 0.0 4.0 0.0 1.0 6.0 0.0 0.0 0.0 0.0 11.0 0.0 6.0 0.0 0.0 2.0 0.0 0.0 0.0
81 10 100 54.0 54.0 20.0 37.0 24.0 23.0 12.0 10.0 13.0 0.0 54.0 94.0 27.0 50.0 15.0 4.0 9.0 0.0 4.0 11.0 20.0 27.0 28.0 12.0 3.0 0.0 4.0 0.0 3.0 0.0 37.0 50.0 12.0 44.0 36.0 2.0 12.0 6.0 4.0 6.0 24.0 15.0 3.0 36.0 20.0 3.0 8.0 0.0 0.0 0.0 23.0 4.0 0.0 2.0 3.0 8.0 0.0 9.0 1.0 0.0 12.0 9.0 4.0 12.0 8.0 0.0 0.0 9.0 6.0 2.0 10.0 0.0 0.0 6.0 0.0 9.0 9.0 22.0 0.0 0.0 13.0 4.0 3.0 4.0 0.0 1.0 6.0 0.0 0.0 0.0 0.0 11.0 0.0 6.0 0.0 0.0 2.0 0.0 0.0 0.0
82 10 100 54.0 54.0 20.0 37.0 24.0 23.0 12.0 10.0 13.0 0.0 54.0 94.0 27.0 50.0 15.0 4.0 9.0 0.0 4.0 11.0 20.0 27.0 28.0 12.0 3.0 0.0 4.0 4.0 3.0 0.0 37.0 50.0 12.0 44.0 36.0 2.0 12.0 7.0 4.0 6.0 24.0 15.0 3.0 36.0 20.0 3.0 8.0 0.0 0.0 0.0 23.0 4.0 0.0 2.0 3.0 8.0 0.0 9.0 1.0 0.0 12.0 9.0 4.0 12.0 8.0 0.0 0.0 12.0 6.0 2.0 10.0 0.0 4.0 7.0 0.0 9.0 12.0 22.0 2.0 0.0 13.0 4.0 3.0 4.0 0.0 1.0 6.0 2.0 0.0 0.0 0.0 11.0 0.0 6.0 0.0 0.0 2.0 0.0 0.0 0.0
83 10 100 54.0 54.0 20.0 37.0 24.0 23.0 12.0 10.0 13.0 0.0 54.0 94.0 27.0 50.0 15.0 4.0 9.0 0.0 4.0 11.0 20.0 27.0 28.0 12.0 3.0 0.0 4.0 4.0 3.0 3.0 37.0 50.0 12.0 44.0 36.0 2.0 12.0 7.0 4.0 6.0 24.0 15.0 3.0 36.0 20.0 3.0 8.0 0.0 0.0 0.0 23.0 4.0 0.0 2.0 3.0 8.0 0.0 9.0 1.0 0.0 12.0 9.0 4.0 12.0 8.0 0.0 0.0 12.0 6.0 4.0 10.0 0.0 4.0 7.0 0.0 9.0 12.0 22.0 2.0 4.0 13.0 4.0 3.0 4.0 0.0 1.0 6.0 2.0 0.0 1.0 0.0 11.0 3.0 6.0 0.0 0.0 4.0 4.0 1.0 0.0
84 11 121 54.0 54.0 20.0 37.0 24.0 23.0 12.0 10.0 13.0 0.0 0.0 54.0 94.0 27.0 50.0 15.0 4.0 9.0 0.0 4.0 11.0 0.0 20.0 27.0 28.0 12.0 3.0 0.0 4.0 4.0 3.0 3.0 2.0 37.0 50.0 12.0 44.0 36.0 2.0 12.0 7.0 4.0 6.0 0.0 24.0 15.0 3.0 36.0 20.0 3.0 8.0 0.0 0.0 0.0 0.0 23.0 4.0 0.0 2.0 3.0 8.0 0.0 9.0 1.0 0.0 0.0 12.0 9.0 4.0 12.0 8.0 0.0 0.0 12.0 6.0 4.0 1.0 10.0 0.0 4.0 7.0 0.0 9.0 12.0 22.0 2.0 4.0 3.0 13.0 4.0 3.0 4.0 0.0 1.0 6.0 2.0 0.0 1.0 0.0 0.0 11.0 3.0 6.0 0.0 0.0 4.0 4.0 1.0 0.0 4.0 0.0 0.0 2.0 0.0 0.0 0.0 1.0 3.0 0.0 4.0 0.0
85 11 121 54.0 54.0 20.0 37.0 24.0 23.0 12.0 10.0 13.0 0.0 0.0 54.0 94.0 27.0 50.0 15.0 4.0 9.0 0.0 4.0 11.0 0.0 20.0 27.0 28.0 12.0 3.0 0.0 5.0 4.0 3.0 3.0 2.0 37.0 50.0 12.0 44.0 36.0 2.0 12.0 7.0 4.0 6.0 0.0 24.0 15.0 3.0 36.0 20.0 3.0 8.0 0.0 0.0 0.0 0.0 23.0 4.0 0.0 2.0 3.0 8.0 0.0 9.0 1.0 0.0 0.0 12.0 9.0 5.0 12.0 8.0 0.0 0.0 14.0 6.0 7.0 5.0 10.0 0.0 4.0 7.0 0.0 9.0 14.0 22.0 2.0 4.0 3.0 13.0 4.0 3.0 4.0 0.0 1.0 6.0 2.0 0.0 1.0 0.0 0.0 11.0 3.0 6.0 0.0 0.0 7.0 4.0 1.0 0.0 4.0 0.0 0.0 2.0 0.0 0.0 0.0 5.0 3.0 0.0 4.0 0.0
86 11 121 54.0 54.0 20.0 37.0 24.0 23.0 12.0 10.0 13.0 0.0 0.0 54.0 94.0 27.0 50.0 15.0 4.0 9.0 0.0 4.0 11.0 0.0 20.0 27.0 28.0 12.0 3.0 0.0 5.0 4.0 3.0 3.0 2.0 37.0 50.0 12.0 44.0 36.0 2.0 12.0 7.0 4.0 6.0 0.0 24.0 15.0 3.0 36.0 20.0 3.0 8.0 0.0 0.0 0.0 0.0 23.0 4.0 0.0 2.0 3.0 8.0 0.0 9.0 1.0 0.0 0.0 12.0 9.0 5.0 12.0 8.0 0.0 8.0 15.0 6.0 9.0 8.0 10.0 0.0 4.0 7.0 0.0 9.0 15.0 22.0 2.0 4.0 3.0 13.0 4.0 3.0 4.0 0.0 1.0 6.0 2.0 0.0 1.0 0.0 0.0 11.0 3.0 6.0 0.0 0.0 9.0 4.0 1.0 0.0 4.0 0.0 0.0 2.0 0.0 0.0 0.0 8.0 3.0 0.0 4.0 0.0
87 12 144 54.0 54.0 20.0 37.0 24.0 23.0 12.0 10.0 13.0 0.0 0.0 0.0 54.0 94.0 27.0 50.0 15.0 4.0 9.0 0.0 4.0 11.0 0.0 0.0 20.0 27.0 28.0 12.0 3.0 0.0 5.0 4.0 3.0 3.0 2.0 0.0 37.0 50.0 12.0 44.0 36.0 2.0 12.0 7.0 4.0 6.0 0.0 0.0 24.0 15.0 3.0 36.0 20.0 3.0 8.0 0.0 0.0 0.0 0.0 0.0 23.0 4.0 0.0 2.0 3.0 8.0 0.0 9.0 1.0 0.0 0.0 0.0 12.0 9.0 5.0 12.0 8.0 0.0 8.0 15.0 6.0 9.0 8.0 7.0 10.0 0.0 4.0 7.0 0.0 9.0 15.0 22.0 2.0 4.0 3.0 0.0 13.0 4.0 3.0 4.0 0.0 1.0 6.0 2.0 0.0 1.0 0.0 0.0 0.0 11.0 3.0 6.0 0.0 0.0 9.0 4.0 1.0 0.0 4.0 1.0 0.0 0.0 2.0 0.0 0.0 0.0 8.0 3.0 0.0 4.0 0.0 2.0 0.0 0.0 0.0 0.0 0.0 0.0 7.0 0.0 0.0 1.0 2.0 0.0
88 12 144 54.0 54.0 20.0 37.0 24.0 23.0 12.0 10.0 13.0 0.0 0.0 0.0 54.0 94.0 27.0 50.0 15.0 4.0 9.0 0.0 4.0 11.0 0.0 0.0 20.0 27.0 28.0 12.0 3.0 0.0 5.0 4.0 3.0 3.0 2.0 0.0 37.0 50.0 12.0 44.0 36.0 2.0 12.0 7.0 4.0 6.0 0.0 0.0 24.0 15.0 3.0 36.0 20.0 3.0 8.0 0.0 0.0 0.0 0.0 0.0 23.0 4.0 0.0 2.0 3.0 8.0 0.0 9.0 1.0 0.0 0.0 0.0 12.0 9.0 5.0 12.0 8.0 0.0 18.0 15.0 6.0 9.0 9.0 11.0 10.0 0.0 4.0 7.0 0.0 9.0 15.0 22.0 2.0 4.0 3.0 0.0 13.0 4.0 3.0 4.0 0.0 1.0 6.0 2.0 0.0 1.0 0.0 0.0 0.0 11.0 3.0 6.0 0.0 0.0 9.0 4.0 1.0 0.0 4.0 1.0 0.0 0.0 2.0 0.0 0.0 0.0 9.0 3.0 0.0 4.0 0.0 2.0 0.0 0.0 0.0 0.0 0.0 0.0 11.0 0.0 0.0 1.0 2.0 0.0
89 12 144 54.0 54.0 20.0 37.0 24.0 23.0 12.0 10.0 13.0 0.0 0.0 0.0 54.0 94.0 27.0 50.0 15.0 4.0 9.0 0.0 4.0 11.0 0.0 0.0 20.0 27.0 28.0 12.0 3.0 0.0 5.0 4.0 3.0 3.0 2.0 0.0 37.0 50.0 12.0 44.0 36.0 2.0 19.0 7.0 4.0 6.0 0.0 3.0 24.0 15.0 3.0 36.0 20.0 3.0 8.0 0.0 0.0 0.0 0.0 0.0 23.0 4.0 0.0 2.0 3.0 8.0 0.0 9.0 1.0 0.0 0.0 0.0 12.0 9.0 5.0 19.0 8.0 0.0 18.0 15.0 6.0 9.0 9.0 11.0 10.0 0.0 4.0 7.0 0.0 9.0 15.0 22.0 2.0 4.0 3.0 0.0 13.0 4.0 3.0 4.0 0.0 1.0 6.0 2.0 0.0 1.0 0.0 0.0 0.0 11.0 3.0 6.0 0.0 0.0 9.0 4.0 1.0 0.0 4.0 1.0 0.0 0.0 2.0 0.0 0.0 0.0 9.0 3.0 0.0 4.0 0.0 2.0 0.0 0.0 0.0 3.0 0.0 0.0 11.0 0.0 0.0 1.0 2.0 0.0
90 12 144 54.0 54.0 20.0 37.0 24.0 23.0 12.0 10.0 13.0 0.0 0.0 0.0 54.0 94.0 27.0 50.0 15.0 4.0 9.0 0.0 4.0 11.0 0.0 0.0 20.0 27.0 28.0 12.0 3.0 0.0 5.0 4.0 3.0 3.0 2.0 0.0 37.0 50.0 12.0 44.0 36.0 2.0 19.0 7.0 4.0 6.0 4.0 3.0 24.0 15.0 3.0 36.0 20.0 3.0 8.0 0.0 0.0 0.0 0.0 0.0 23.0 4.0 0.0 2.0 3.0 8.0 0.0 9.0 1.0 0.0 0.0 0.0 12.0 9.0 5.0 19.0 8.0 0.0 18.0 15.0 6.0 9.0 13.0 11.0 10.0 0.0 4.0 7.0 0.0 9.0 15.0 22.0 2.0 4.0 3.0 0.0 13.0 4.0 3.0 4.0 0.0 1.0 6.0 2.0 0.0 1.0 0.0 0.0 0.0 11.0 3.0 6.0 0.0 0.0 9.0 4.0 1.0 0.0 4.0 1.0 0.0 0.0 2.0 4.0 0.0 0.0 13.0 3.0 0.0 4.0 0.0 4.0 0.0 0.0 0.0 3.0 0.0 0.0 11.0 0.0 0.0 1.0 4.0 0.0
91 12 144 54.0 54.0 20.0 37.0 24.0 23.0 12.0 10.0 13.0 0.0 0.0 0.0 54.0 94.0 27.0 50.0 15.0 4.0 9.0 0.0 4.0 11.0 0.0 0.0 20.0 27.0 28.0 12.0 3.0 0.0 5.0 4.0 3.0 3.0 2.0 0.0 37.0 50.0 12.0 44.0 36.0 2.0 19.0 7.0 7.0 6.0 4.0 3.0 24.0 15.0 3.0 36.0 20.0 3.0 8.0 0.0 0.0 0.0 0.0 0.0 23.0 4.0 0.0 2.0 3.0 8.0 0.0 9.0 1.0 0.0 0.0 0.0 12.0 9.0 5.0 19.0 8.0 0.0 18.0 15.0 8.0 9.0 13.0 11.0 10.0 0.0 4.0 7.0 0.0 9.0 15.0 22.0 2.0 4.0 3.0 0.0 13.0 4.0 3.0 7.0 0.0 1.0 8.0 2.0 0.0 1.0 4.0 1.0 0.0 11.0 3.0 6.0 0.0 0.0 9.0 4.0 1.0 0.0 4.0 1.0 0.0 0.0 2.0 4.0 0.0 0.0 13.0 3.0 4.0 4.0 0.0 4.0 0.0 0.0 0.0 3.0 0.0 0.0 11.0 0.0 1.0 1.0 4.0 0.0
92 12 144 54.0 54.0 20.0 37.0 24.0 23.0 12.0 10.0 13.0 0.0 0.0 0.0 54.0 94.0 27.0 50.0 15.0 4.0 9.0 0.0 4.0 11.0 0.0 0.0 20.0 27.0 28.0 12.0 3.0 0.0 5.0 4.0 3.0 3.0 2.0 0.0 37.0 50.0 12.0 44.0 36.0 2.0 21.0 7.0 7.0 6.0 4.0 3.0 24.0 15.0 3.0 36.0 20.0 3.0 8.0 0.0 0.0 0.0 0.0 0.0 23.0 4.0 0.0 2.0 3.0 8.0 0.0 9.0 1.0 0.0 0.0 0.0 12.0 9.0 5.0 21.0 8.0 0.0 20.0 15.0 12.0 9.0 16.0 11.0 10.0 0.0 4.0 7.0 0.0 9.0 15.0 22.0 2.0 4.0 3.0 0.0 13.0 4.0 3.0 7.0 0.0 1.0 12.0 2.0 0.0 1.0 4.0 1.0 0.0 11.0 3.0 6.0 0.0 0.0 9.0 4.0 1.0 0.0 4.0 1.0 0.0 0.0 2.0 4.0 0.0 0.0 16.0 3.0 4.0 4.0 0.0 4.0 0.0 0.0 0.0 3.0 0.0 0.0 11.0 0.0 1.0 1.0 4.0 0.0
93 12 144 54.0 54.0 20.0 37.0 24.0 23.0 12.0 10.0 13.0 0.0 0.0 0.0 54.0 94.0 27.0 51.0 15.0 4.0 13.0 0.0 7.0 11.0 2.0 0.0 20.0 27.0 28.0 12.0 3.0 0.0 5.0 4.0 3.0 3.0 2.0 0.0 37.0 51.0 12.0 44.0 36.0 2.0 21.0 7.0 7.0 6.0 4.0 3.0 24.0 15.0 3.0 36.0 20.0 3.0 8.0 0.0 0.0 0.0 0.0 0.0 23.0 4.0 0.0 2.0 3.0 8.0 0.0 9.0 1.0 0.0 0.0 0.0 12.0 13.0 5.0 21.0 8.0 0.0 20.0 15.0 12.0 9.0 16.0 11.0 10.0 0.0 4.0 7.0 0.0 9.0 15.0 22.0 2.0 4.0 3.0 0.0 13.0 7.0 3.0 7.0 0.0 1.0 12.0 2.0 0.0 1.0 4.0 1.0 0.0 11.0 3.0 6.0 0.0 0.0 9.0 4.0 1.0 0.0 4.0 1.0 0.0 2.0 2.0 4.0 0.0 0.0 16.0 3.0 4.0 4.0 0.0 4.0 0.0 0.0 0.0 3.0 0.0 0.0 11.0 0.0 1.0 1.0 4.0 0.0
94 12 144 54.0 54.0 20.0 37.0 24.0 23.0 12.0 10.0 13.0 0.0 0.0 0.0 54.0 94.0 27.0 51.0 15.0 4.0 13.0 0.0 11.0 11.0 2.0 0.0 20.0 27.0 28.0 12.0 3.0 0.0 5.0 4.0 3.0 3.0 2.0 0.0 37.0 51.0 12.0 44.0 36.0 2.0 21.0 7.0 7.0 6.0 4.0 3.0 24.0 15.0 3.0 36.0 20.0 3.0 8.0 0.0 0.0 0.0 0.0 0.0 23.0 4.0 0.0 2.0 3.0 8.0 0.0 9.0 1.0 0.0 0.0 0.0 12.0 13.0 5.0 21.0 8.0 0.0 20.0 15.0 15.0 9.0 16.0 11.0 10.0 0.0 4.0 7.0 0.0 9.0 15.0 22.0 2.0 4.0 3.0 0.0 13.0 11.0 3.0 7.0 0.0 1.0 15.0 2.0 4.0 1.0 5.0 1.0 0.0 11.0 3.0 6.0 0.0 0.0 9.0 4.0 1.0 0.0 4.0 1.0 0.0 2.0 2.0 4.0 0.0 0.0 16.0 3.0 5.0 4.0 0.0 4.0 0.0 0.0 0.0 3.0 0.0 0.0 11.0 0.0 1.0 1.0 4.0 0.0
95 12 144 54.0 54.0 20.0 37.0 24.0 23.0 12.0 10.0 13.0 0.0 0.0 0.0 54.0 94.0 27.0 51.0 15.0 4.0 13.0 3.0 11.0 11.0 2.0 0.0 20.0 27.0 28.0 12.0 3.0 0.0 5.0 4.0 3.0 3.0 2.0 0.0 37.0 51.0 12.0 44.0 36.0 2.0 21.0 7.0 7.0 6.0 4.0 3.0 24.0 15.0 3.0 36.0 20.0 3.0 8.0 0.0 0.0 0.0 0.0 0.0 23.0 4.0 0.0 2.0 3.0 8.0 0.0 9.0 1.0 0.0 0.0 0.0 12.0 13.0 5.0 21.0 8.0 0.0 20.0 17.0 15.0 9.0 16.0 11.0 10.0 3.0 4.0 7.0 0.0 9.0 17.0 22.0 7.0 4.0 3.0 0.0 13.0 11.0 3.0 7.0 0.0 1.0 15.0 7.0 4.0 1.0 5.0 1.0 0.0 11.0 3.0 6.0 0.0 0.0 9.0 4.0 1.0 0.0 4.0 1.0 0.0 2.0 2.0 4.0 0.0 0.0 16.0 3.0 5.0 4.0 0.0 4.0 0.0 0.0 0.0 3.0 0.0 0.0 11.0 0.0 1.0 1.0 4.0 0.0
96 12 144 54.0 54.0 20.0 37.0 24.0 23.0 12.0 10.0 13.0 0.0 0.0 0.0 54.0 98.0 27.0 51.0 15.0 4.0 14.0 7.0 14.0 11.0 2.0 0.0 20.0 27.0 28.0 12.0 3.0 0.0 5.0 4.0 3.0 3.0 2.0 0.0 37.0 51.0 12.0 44.0 36.0 2.0 21.0 7.0 7.0 6.0 4.0 3.0 24.0 15.0 3.0 36.0 20.0 3.0 8.0 0.0 0.0 0.0 0.0 0.0 23.0 4.0 0.0 2.0 3.0 8.0 0.0 9.0 1.0 0.0 0.0 0.0 12.0 14.0 5.0 21.0 8.0 0.0 20.0 17.0 15.0 9.0 16.0 11.0 10.0 7.0 4.0 7.0 0.0 9.0 17.0 22.0 7.0 4.0 3.0 0.0 13.0 14.0 3.0 7.0 0.0 1.0 15.0 7.0 4.0 1.0 5.0 1.0 0.0 11.0 3.0 6.0 0.0 0.0 9.0 4.0 1.0 0.0 4.0 1.0 0.0 2.0 2.0 4.0 0.0 0.0 16.0 3.0 5.0 4.0 0.0 4.0 0.0 0.0 0.0 3.0 0.0 0.0 11.0 0.0 1.0 1.0 4.0 0.0
97 12 144 54.0 54.0 20.0 37.0 24.0 23.0 12.0 10.0 13.0 0.0 0.0 0.0 54.0 108.0 27.0 51.0 15.0 4.0 14.0 10.0 16.0 11.0 2.0 0.0 20.0 27.0 28.0 12.0 3.0 0.0 5.0 4.0 3.0 3.0 2.0 0.0 37.0 51.0 12.0 44.0 36.0 2.0 21.0 7.0 7.0 6.0 4.0 3.0 24.0 15.0 3.0 36.0 20.0 3.0 8.0 0.0 0.0 0.0 0.0 0.0 23.0 4.0 0.0 2.0 3.0 8.0 0.0 9.0 1.0 0.0 0.0 0.0 12.0 14.0 5.0 21.0 8.0 0.0 20.0 17.0 15.0 9.0 16.0 11.0 10.0 10.0 4.0 7.0 0.0 9.0 17.0 22.0 7.0 4.0 3.0 0.0 13.0 16.0 3.0 7.0 0.0 1.0 15.0 7.0 4.0 1.0 5.0 1.0 0.0 11.0 3.0 6.0 0.0 0.0 9.0 4.0 1.0 0.0 4.0 1.0 0.0 2.0 2.0 4.0 0.0 0.0 16.0 3.0 5.0 4.0 0.0 4.0 0.0 0.0 0.0 3.0 0.0 0.0 11.0 0.0 1.0 1.0 4.0 0.0
98 12 144 54.0 54.0 20.0 37.0 24.0 23.0 12.0 10.0 13.0 0.0 0.0 0.0 54.0 108.0 27.0 58.0 15.0 4.0 14.0 10.0 16.0 11.0 2.0 0.0 20.0 27.0 28.0 12.0 3.0 0.0 5.0 4.0 3.0 3.0 2.0 0.0 37.0 58.0 12.0 44.0 36.0 2.0 21.0 9.0 8.0 6.0 4.0 3.0 24.0 15.0 3.0 36.0 20.0 3.0 8.0 0.0 0.0 0.0 0.0 0.0 23.0 4.0 0.0 2.0 3.0 8.0 0.0 9.0 1.0 0.0 0.0 0.0 12.0 14.0 5.0 21.0 8.0 0.0 20.0 17.0 15.0 9.0 16.0 11.0 10.0 10.0 4.0 9.0 0.0 9.0 17.0 22.0 7.0 4.0 3.0 0.0 13.0 16.0 3.0 8.0 0.0 1.0 15.0 7.0 4.0 1.0 5.0 1.0 0.0 11.0 3.0 6.0 0.0 0.0 9.0 4.0 1.0 0.0 4.0 1.0 0.0 2.0 2.0 4.0 0.0 0.0 16.0 3.0 5.0 4.0 0.0 4.0 0.0 0.0 0.0 3.0 0.0 0.0 11.0 0.0 1.0 1.0 4.0 0.0
99 12 144 54.0 54.0 20.0 37.0 24.0 23.0 12.0 10.0 13.0 0.0 0.0 0.0 54.0 108.0 27.0 58.0 15.0 4.0 14.0 10.0 16.0 11.0 2.0 5.0 20.0 27.0 28.0 12.0 3.0 0.0 5.0 4.0 3.0 3.0 2.0 0.0 37.0 58.0 12.0 44.0 36.0 2.0 21.0 9.0 8.0 6.0 4.0 7.0 24.0 15.0 3.0 36.0 20.0 3.0 8.0 0.0 0.0 0.0 0.0 0.0 23.0 4.0 0.0 2.0 3.0 8.0 0.0 9.0 1.0 0.0 0.0 0.0 12.0 14.0 5.0 21.0 8.0 0.0 20.0 17.0 15.0 9.0 16.0 11.0 10.0 10.0 4.0 9.0 0.0 9.0 17.0 22.0 7.0 4.0 3.0 1.0 13.0 16.0 3.0 8.0 0.0 1.0 15.0 7.0 4.0 1.0 5.0 1.0 0.0 11.0 3.0 6.0 0.0 0.0 9.0 4.0 1.0 0.0 4.0 1.0 0.0 2.0 2.0 4.0 0.0 0.0 16.0 3.0 5.0 4.0 0.0 4.0 0.0 5.0 0.0 7.0 0.0 0.0 11.0 1.0 1.0 1.0 4.0 0.0
