100
0 1 1 0.0
1 1 1 5.0
2 2 4 5.0 0.0 9.0 0.0
3 2 4 5.0 0.0 9.0 0.0
4 2 4 5.0 0.0 9.0 0.0
5 2 4 5.0 0.0 14.0 0.0
6 2 4 9.0 5.0 14.0 0.0
7 3 9 9.0 5.0 0.0 14.0 0.0 0.0 8.0 4.0 0.0
8 4 16 9.0 5.0 0.0 0.0 14.0 0.0 0.0 0.0 8.0 4.0 0.0 0.0 6.0 3.0 5.0 0.0
9 5 25 9.0 5.0 0.0 0.0 0.0 14.0 0.0 0.0 0.0 0.0 8.0 4.0 0.0 0.0 0.0 6.0 3.0 5.0 0.0 0.0 4.0 2.0 4.0 5.0 0.0
10 5 25 9.0 5.0 0.0 0.0 0.0 14.0 0.0 0.0 0.0 0.0 10.0 5.0 3.0 4.0 5.0 6.0 3.0 5.0 0.0 0.0 4.0 2.0 4.0 5.0 0.0
11 5 25 10.0 5.0 7.0 3.0 4.0 14.0 0.0 0.0 0.0 0.0 10.0 5.0 3.0 4.0 5.0 6.0 3.0 5.0 0.0 0.0 4.0 2.0 4.0 5.0 0.0
12 5 25 10.0 5.0 7.0 3.0 4.0 14.0 0.0 0.0 0.0 0.0 10.0 5.0 3.0 4.0 5.0 11.0 3.0 10.0 2.0 3.0 4.0 2.0 4.0 5.0 0.0
13 5 25 10.0 5.0 7.0 3.0 4.0 14.0 0.0 0.0 0.0 0.0 10.0 5.0 3.0 4.0 5.0 15.0 3.0 13.0 8.0 5.0 4.0 2.0 4.0 5.0 0.0
14 5 25 10.0 5.0 7.0 3.0 4.0 17.0 0.0 2.0 9.0 1.0 10.0 5.0 3.0 4.0 5.0 15.0 3.0 13.0 8.0 5.0 4.0 2.0 4.0 5.0 0.0
15 5 25 10.0 5.0 7.0 3.0 4.0 17.0 0.0 2.0 9.0 1.0 12.0 10.0 4.0 11.0 5.0 15.0 3.0 13.0 8.0 5.0 4.0 2.0 4.0 5.0 0.0
16 5 25 10.0 5.0 7.0 3.0 4.0 17.0 0.0 2.0 9.0 1.0 12.0 10.0 4.0 11.0 5.0 16.0 7.0 18.0 13.0 5.0 4.0 2.0 4.0 5.0 0.0
17 5 25 10.0 8.0 11.0 11.0 4.0 17.0 0.0 2.0 9.0 1.0 12.0 10.0 4.0 11.0 5.0 16.0 7.0 18.0 13.0 5.0 4.0 2.0 4.0 5.0 0.0
18 5 25 15.0 10.0 14.0 16.0 4.0 17.0 0.0 2.0 9.0 1.0 12.0 10.0 4.0 11.0 5.0 16.0 7.0 18.0 13.0 5.0 4.0 2.0 4.0 5.0 0.0
19 5 25 15.0 10.0 14.0 16.0 4.0 17.0 0.0 2.0 9.0 1.0 12.0 10.0 4.0 11.0 5.0 16.0 7.0 18.0 13.0 5.0 13.0 3.0 6.0 8.0 0.0
20 5 25 15.0 10.0 14.0 16.0 4.0 17.0 0.0 2.0 9.0 1.0 19.0 10.0 5.0 13.0 10.0 16.0 7.0 18.0 13.0 5.0 13.0 3.0 6.0 8.0 0.0
21 5 25 15.0 10.0 14.0 16.0 4.0 17.0 0.0 2.0 9.0 1.0 24.0 10.0 10.0 14.0 14.0 16.0 7.0 18.0 13.0 5.0 13.0 3.0 6.0 8.0 0.0
22 5 25 15.0 10.0 14.0 16.0 4.0 17.0 0.0 2.0 9.0 1.0 24.0 10.0 10.0 14.0 14.0 19.0 7.0 27.0 13.0 8.0 13.0 3.0 6.0 8.0 0.0
23 5 25 16.0 10.0 21.0 21.0 6.0 17.0 0.0 2.0 9.0 1.0 24.0 10.0 10.0 14.0 14.0 19.0 7.0 27.0 13.0 8.0 13.0 3.0 6.0 8.0 0.0
24 5 25 16.0 10.0 21.0 21.0 6.0 22.0 0.0 7.0 13.0 2.0 24.0 10.0 10.0 14.0 14.0 19.0 7.0 27.0 13.0 8.0 13.0 3.0 6.0 8.0 0.0
25 5 25 16.0 10.0 21.0 21.0 6.0 22.0 0.0 7.0 13.0 2.0 24.0 10.0 10.0 14.0 14.0 19.0 7.0 27.0 13.0 8.0 13.0 3.0 6.0 8.0 0.0
26 5 25 16.0 10.0 21.0 21.0 6.0 22.0 0.0 7.0 13.0 2.0 24.0 10.0 10.0 14.0 14.0 19.0 7.0 27.0 13.0 8.0 13.0 3.0 6.0 8.0 0.0
27 5 25 16.0 10.0 21.0 21.0 6.0 22.0 0.0 7.0 13.0 2.0 24.0 10.0 10.0 14.0 19.0 19.0 7.0 27.0 13.0 8.0 13.0 3.0 6.0 8.0 0.0
28 5 25 16.0 10.0 21.0 21.0 6.0 22.0 0.0 12.0 13.0 6.0 24.0 10.0 10.0 14.0 19.0 19.0 7.0 27.0 13.0 8.0 13.0 3.0 6.0 8.0 0.0
29 5 25 16.0 10.0 21.0 21.0 6.0 22.0 0.0 12.0 13.0 6.0 24.0 15.0 14.0 14.0 22.0 19.0 7.0 27.0 13.0 8.0 13.0 3.0 6.0 8.0 0.0
30 5 25 16.0 14.0 29.0 21.0 8.0 22.0 0.0 12.0 13.0 6.0 24.0 15.0 14.0 14.0 22.0 19.0 7.0 27.0 13.0 8.0 13.0 3.0 6.0 8.0 0.0
31 5 25 16.0 14.0 29.0 21.0 8.0 22.0 0.0 12.0 13.0 6.0 24.0 15.0 14.0 14.0 22.0 19.0 7.0 27.0 13.0 8.0 18.0 6.0 12.0 8.0 1.0
32 5 25 16.0 14.0 29.0 21.0 8.0 22.0 0.0 12.0 13.0 6.0 24.0 15.0 14.0 14.0 22.0 19.0 7.0 27.0 13.0 8.0 22.0 8.0 16.0 8.0 6.0
33 5 25 19.0 15.0 31.0 21.0 17.0 22.0 0.0 12.0 13.0 6.0 24.0 15.0 14.0 14.0 22.0 19.0 7.0 27.0 13.0 8.0 22.0 8.0 16.0 8.0 6.0
34 5 25 19.0 15.0 31.0 21.0 17.0 22.0 0.0 12.0 13.0 6.0 31.0 15.0 15.0 14.0 29.0 19.0 7.0 27.0 13.0 8.0 22.0 8.0 16.0 8.0 6.0
35 5 25 19.0 15.0 31.0 21.0 17.0 22.0 0.0 12.0 13.0 6.0 31.0 15.0 15.0 14.0 29.0 24.0 7.0 32.0 13.0 13.0 22.0 8.0 16.0 8.0 6.0
36 5 25 19.0 15.0 31.0 21.0 17.0 22.0 0.0 12.0 13.0 6.0 31.0 15.0 15.0 14.0 29.0 27.0 7.0 36.0 18.0 16.0 22.0 8.0 16.0 8.0 6.0
37 5 25 19.0 15.0 31.0 21.0 17.0 24.0 0.0 15.0 22.0 7.0 31.0 15.0 15.0 14.0 29.0 27.0 7.0 36.0 18.0 16.0 22.0 8.0 16.0 8.0 6.0
38 5 25 19.0 15.0 31.0 21.0 17.0 24.0 0.0 15.0 22.0 7.0 32.0 20.0 17.0 21.0 29.0 27.0 7.0 36.0 18.0 16.0 22.0 8.0 16.0 8.0 6.0
39 5 25 19.0 15.0 31.0 21.0 17.0 24.0 0.0 15.0 22.0 7.0 32.0 24.0 23.0 26.0 29.0 27.0 7.0 36.0 18.0 16.0 22.0 8.0 16.0 8.0 6.0
40 6 36 19.0 15.0 31.0 21.0 17.0 0.0 24.0 0.0 15.0 22.0 7.0 0.0 32.0 24.0 23.0 26.0 29.0 0.0 27.0 7.0 36.0 18.0 16.0 0.0 22.0 8.0 16.0 8.0 6.0 0.0 0.0 3.0 9.0 3.0 0.0 0.0
41 6 36 19.0 15.0 31.0 21.0 17.0 0.0 24.0 0.0 15.0 22.0 7.0 0.0 32.0 24.0 23.0 26.0 29.0 0.0 27.0 7.0 36.0 18.0 16.0 0.0 22.0 8.0 16.0 8.0 6.0 0.0 0.0 5.0 16.0 4.0 0.0 5.0
42 6 36 19.0 15.0 31.0 21.0 17.0 0.0 24.0 0.0 15.0 22.0 7.0 0.0 32.0 24.0 23.0 26.0 29.0 0.0 27.0 7.0 36.0 18.0 16.0 0.0 22.0 8.0 16.0 8.0 6.0 0.0 0.0 6.0 21.0 4.0 0.0 14.0
43 6 36 19.0 15.0 31.0 21.0 17.0 0.0 24.0 0.0 15.0 22.0 7.0 0.0 32.0 24.0 23.0 26.0 29.0 0.0 27.0 7.0 39.0 18.0 16.0 12.0 22.0 8.0 16.0 8.0 6.0 0.0 0.0 6.0 21.0 4.0 0.0 14.0
44 6 36 19.0 15.0 31.0 21.0 17.0 0.0 24.0 0.0 16.0 27.0 7.0 9.0 32.0 24.0 23.0 26.0 29.0 0.0 27.0 7.0 39.0 18.0 16.0 12.0 22.0 8.0 16.0 8.0 6.0 0.0 0.0 6.0 21.0 4.0 0.0 14.0
45 6 36 19.0 15.0 31.0 21.0 17.0 0.0 24.0 0.0 16.0 27.0 7.0 9.0 32.0 24.0 23.0 26.0 29.0 0.0 27.0 7.0 39.0 18.0 16.0 12.0 22.0 8.0 16.0 8.0 6.0 0.0 0.0 6.0 21.0 4.0 0.0 14.0
46 6 36 19.0 15.0 31.0 21.0 17.0 0.0 24.0 0.0 16.0 27.0 7.0 9.0 32.0 24.0 23.0 26.0 29.0 0.0 27.0 7.0 39.0 18.0 16.0 12.0 22.0 8.0 16.0 8.0 6.0 0.0 0.0 6.0 21.0 4.0 0.0 14.0
47 6 36 19.0 15.0 31.0 21.0 17.0 0.0 24.0 0.0 16.0 27.0 7.0 9.0 32.0 24.0 23.0 26.0 29.0 0.0 27.0 7.0 39.0 18.0 16.0 12.0 22.0 8.0 16.0 8.0 6.0 0.0 0.0 11.0 21.0 4.0 0.0 14.0
48 6 36 19.0 19.0 31.0 21.0 17.0 5.0 24.0 0.0 16.0 27.0 7.0 9.0 32.0 24.0 23.0 26.0 29.0 0.0 27.0 7.0 39.0 18.0 16.0 12.0 22.0 8.0 16.0 8.0 6.0 0.0 0.0 11.0 21.0 4.0 0.0 14.0
49 6 36 19.0 19.0 31.0 21.0 17.0 5.0 29.0 3.0 16.0 27.0 7.0 13.0 32.0 24.0 23.0 26.0 29.0 0.0 27.0 7.0 39.0 18.0 16.0 12.0 22.0 8.0 16.0 8.0 6.0 0.0 0.0 11.0 21.0 4.0 0.0 14.0
50 6 36 19.0 19.0 31.0 21.0 17.0 5.0 33.0 10.0 16.0 27.0 7.0 16.0 32.0 24.0 23.0 26.0 29.0 0.0 27.0 7.0 39.0 18.0 16.0 12.0 22.0 8.0 16.0 8.0 6.0 0.0 0.0 11.0 21.0 4.0 0.0 14.0
51 6 36 19.0 19.0 31.0 21.0 17.0 5.0 33.0 10.0 16.0 27.0 7.0 16.0 32.0 24.0 23.0 26.0 29.0 0.0 27.0 7.0 39.0 18.0 16.0 12.0 25.0 18.0 16.0 8.0 6.0 2.0 0.0 11.0 21.0 4.0 0.0 14.0
52 6 36 19.0 19.0 31.0 21.0 17.0 5.0 33.0 10.0 16.0 27.0 7.0 16.0 34.0 31.0 23.0 26.0 34.0 1.0 27.0 7.0 39.0 18.0 16.0 12.0 25.0 18.0 16.0 8.0 6.0 2.0 0.0 11.0 21.0 4.0 0.0 14.0
53 6 36 19.0 19.0 31.0 21.0 17.0 5.0 33.0 10.0 16.0 27.0 7.0 16.0 34.0 31.0 23.0 26.0 34.0 1.0 27.0 7.0 39.0 18.0 16.0 12.0 26.0 23.0 21.0 8.0 10.0 2.0 0.0 11.0 21.0 4.0 0.0 14.0
54 6 36 19.0 19.0 31.0 21.0 17.0 5.0 33.0 10.0 16.0 27.0 7.0 16.0 34.0 34.0 27.0 26.0 42.0 1.0 27.0 7.0 39.0 18.0 16.0 12.0 26.0 23.0 21.0 8.0 10.0 2.0 0.0 11.0 21.0 4.0 0.0 14.0
55 6 36 19.0 20.0 39.0 21.0 23.0 5.0 33.0 10.0 16.0 27.0 7.0 16.0 34.0 34.0 27.0 26.0 42.0 1.0 27.0 7.0 39.0 18.0 16.0 12.0 26.0 23.0 21.0 8.0 10.0 2.0 0.0 11.0 21.0 4.0 0.0 14.0
56 6 36 19.0 20.0 39.0 21.0 23.0 5.0 33.0 10.0 16.0 27.0 7.0 16.0 34.0 34.0 27.0 26.0 42.0 1.0 27.0 7.0 39.0 18.0 16.0 12.0 31.0 23.0 27.0 8.0 14.0 2.0 0.0 11.0 21.0 4.0 0.0 14.0
57 6 36 19.0 20.0 39.0 21.0 23.0 5.0 33.0 10.0 16.0 27.0 7.0 16.0 34.0 34.0 27.0 26.0 42.0 1.0 31.0 7.0 43.0 18.0 23.0 12.0 31.0 23.0 27.0 8.0 14.0 2.0 0.0 11.0 21.0 4.0 0.0 14.0
58 7 49 19.0 20.0 39.0 21.0 23.0 5.0 0.0 33.0 10.0 16.0 27.0 7.0 16.0 0.0 34.0 34.0 27.0 26.0 42.0 1.0 0.0 31.0 7.0 43.0 18.0 23.0 12.0 0.0 31.0 23.0 27.0 8.0 14.0 2.0 0.0 0.0 11.0 21.0 4.0 0.0 14.0 0.0 3.0 0.0 2.0 5.0 5.0 0.0 0.0
59 7 49 21.0 20.0 40.0 25.0 26.0 5.0 5.0 33.0 10.0 16.0 27.0 7.0 16.0 0.0 34.0 34.0 27.0 26.0 42.0 1.0 0.0 31.0 7.0 43.0 18.0 23.0 12.0 0.0 31.0 23.0 27.0 8.0 14.0 2.0 0.0 0.0 11.0 21.0 4.0 0.0 14.0 0.0 3.0 0.0 2.0 5.0 5.0 0.0 0.0
60 7 49 21.0 20.0 40.0 25.0 26.0 5.0 5.0 33.0 10.0 16.0 27.0 7.0 16.0 0.0 40.0 34.0 27.0 29.0 44.0 1.0 4.0 31.0 7.0 43.0 18.0 23.0 12.0 0.0 31.0 23.0 27.0 8.0 14.0 2.0 0.0 0.0 11.0 21.0 4.0 0.0 14.0 0.0 3.0 0.0 2.0 5.0 5.0 0.0 0.0
61 7 49 21.0 20.0 40.0 25.0 26.0 5.0 5.0 33.0 10.0 16.0 27.0 7.0 16.0 0.0 40.0 34.0 27.0 29.0 44.0 1.0 4.0 31.0 7.0 43.0 18.0 23.0 12.0 0.0 31.0 23.0 27.0 8.0 14.0 2.0 0.0 0.0 11.0 21.0 4.0 0.0 14.0 0.0 7.0 0.0 7.0 7.0 6.0 0.0 3.0
62 7 49 21.0 20.0 40.0 25.0 26.0 5.0 5.0 33.0 10.0 16.0 27.0 7.0 16.0 0.0 40.0 34.0 27.0 29.0 44.0 1.0 4.0 31.0 7.0 43.0 18.0 23.0 12.0 0.0 31.0 23.0 27.0 8.0 14.0 2.0 0.0 3.0 11.0 25.0 5.0 0.0 14.0 7.0 7.0 0.0 7.0 7.0 6.0 0.0 3.0
63 7 49 21.0 20.0 40.0 25.0 26.0 5.0 5.0 33.0 10.0 16.0 27.0 7.0 16.0 0.0 42.0 34.0 30.0 29.0 44.0 6.0 9.0 31.0 7.0 43.0 18.0 23.0 12.0 0.0 31.0 23.0 27.0 8.0 14.0 2.0 0.0 3.0 11.0 25.0 5.0 0.0 14.0 7.0 7.0 0.0 7.0 7.0 6.0 0.0 3.0
64 7 49 21.0 20.0 40.0 25.0 26.0 5.0 5.0 33.0 10.0 16.0 27.0 7.0 16.0 0.0 43.0 34.0 37.0 29.0 44.0 10.0 12.0 31.0 7.0 43.0 18.0 23.0 12.0 0.0 31.0 23.0 27.0 8.0 14.0 2.0 0.0 3.0 11.0 25.0 5.0 0.0 14.0 7.0 7.0 0.0 7.0 7.0 6.0 0.0 3.0
65 7 49 21.0 20.0 40.0 25.0 26.0 5.0 5.0 33.0 10.0 16.0 27.0 7.0 16.0 0.0 43.0 34.0 47.0 29.0 44.0 13.0 14.0 31.0 7.0 43.0 18.0 23.0 12.0 0.0 31.0 23.0 27.0 8.0 14.0 2.0 0.0 3.0 11.0 25.0 5.0 0.0 14.0 7.0 7.0 0.0 7.0 7.0 6.0 0.0 3.0
66 7 49 21.0 20.0 40.0 25.0 26.0 5.0 5.0 33.0 10.0 16.0 27.0 7.0 16.0 0.0 43.0 34.0 47.0 29.0 44.0 13.0 14.0 31.0 7.0 43.0 18.0 23.0 12.0 0.0 31.0 23.0 27.0 8.0 14.0 2.0 0.0 3.0 11.0 25.0 5.0 0.0 14.0 7.0 7.0 0.0 19.0 7.0 6.0 2.0 4.0
67 7 49 21.0 20.0 40.0 25.0 26.0 5.0 5.0 33.0 10.0 16.0 27.0 7.0 16.0 0.0 43.0 34.0 47.0 29.0 44.0 13.0 14.0 31.0 7.0 52.0 18.0 23.0 13.0 5.0 31.0 23.0 27.0 8.0 14.0 2.0 0.0 3.0 11.0 25.0 5.0 0.0 14.0 7.0 7.0 0.0 19.0 7.0 6.0 2.0 4.0
68 7 49 21.0 20.0 46.0 30.0 26.0 5.0 9.0 33.0 10.0 16.0 27.0 7.0 16.0 0.0 43.0 34.0 47.0 29.0 44.0 13.0 14.0 31.0 7.0 52.0 18.0 23.0 13.0 5.0 31.0 23.0 27.0 8.0 14.0 2.0 0.0 3.0 11.0 25.0 5.0 0.0 14.0 7.0 7.0 0.0 19.0 7.0 6.0 2.0 4.0
69 7 49 21.0 20.0 46.0 30.0 26.0 5.0 9.0 33.0 10.0 16.0 27.0 7.0 16.0 0.0 43.0 34.0 47.0 29.0 44.0 13.0 14.0 31.0 7.0 52.0 18.0 23.0 13.0 5.0 31.0 23.0 27.0 8.0 14.0 2.0 0.0 8.0 11.0 28.0 9.0 0.0 14.0 10.0 7.0 0.0 19.0 7.0 6.0 2.0 4.0
70 7 49 21.0 20.0 46.0 30.0 26.0 5.0 9.0 33.0 10.0 16.0 27.0 7.0 16.0 0.0 47.0 34.0 48.0 32.0 44.0 18.0 16.0 31.0 7.0 52.0 18.0 23.0 13.0 5.0 31.0 23.0 27.0 8.0 14.0 2.0 0.0 8.0 11.0 28.0 9.0 0.0 14.0 10.0 7.0 0.0 19.0 7.0 6.0 2.0 4.0
71 7 49 24.0 20.0 51.0 32.0 26.0 9.0 10.0 33.0 10.0 16.0 27.0 7.0 16.0 0.0 47.0 34.0 48.0 32.0 44.0 18.0 16.0 31.0 7.0 52.0 18.0 23.0 13.0 5.0 31.0 23.0 27.0 8.0 14.0 2.0 0.0 8.0 11.0 28.0 9.0 0.0 14.0 10.0 7.0 0.0 19.0 7.0 6.0 2.0 4.0
72 7 49 24.0 20.0 51.0 32.0 26.0 9.0 10.0 33.0 10.0 16.0 27.0 7.0 16.0 0.0 54.0 34.0 52.0 33.0 44.0 21.0 16.0 31.0 7.0 52.0 18.0 23.0 13.0 5.0 31.0 23.0 27.0 8.0 14.0 2.0 0.0 8.0 11.0 28.0 9.0 0.0 14.0 10.0 7.0 0.0 19.0 7.0 6.0 2.0 4.0
73 7 49 24.0 20.0 51.0 32.0 26.0 9.0 10.0 33.0 10.0 16.0 27.0 7.0 16.0 0.0 59.0 34.0 60.0 33.0 44.0 23.0 16.0 31.0 7.0 52.0 18.0 23.0 13.0 5.0 31.0 23.0 27.0 8.0 14.0 2.0 0.0 8.0 11.0 28.0 9.0 0.0 14.0 10.0 7.0 0.0 19.0 7.0 6.0 2.0 4.0
74 8 64 24.0 20.0 51.0 32.0 26.0 9.0 10.0 0.0 33.0 10.0 16.0 27.0 7.0 16.0 0.0 0.0 59.0 34.0 60.0 33.0 44.0 23.0 16.0 0.0 31.0 7.0 52.0 18.0 23.0 13.0 5.0 0.0 31.0 23.0 27.0 8.0 14.0 2.0 0.0 0.0 8.0 11.0 28.0 9.0 0.0 14.0 10.0 0.0 7.0 0.0 19.0 7.0 6.0 2.0 4.0 0.0 3.0 0.0 11.0 0.0 0.0 1.0 0.0 0.0
75 8 64 24.0 20.0 51.0 32.0 26.0 9.0 10.0 0.0 33.0 10.0 16.0 27.0 7.0 16.0 0.0 0.0 59.0 34.0 60.0 33.0 44.0 23.0 16.0 0.0 33.0 7.0 60.0 18.0 23.0 13.0 5.0 5.0 31.0 23.0 27.0 8.0 14.0 2.0 0.0 0.0 8.0 11.0 28.0 9.0 0.0 14.0 10.0 0.0 7.0 0.0 19.0 7.0 6.0 2.0 4.0 0.0 3.0 0.0 11.0 0.0 0.0 1.0 0.0 0.0
76 8 64 25.0 20.0 56.0 37.0 26.0 9.0 10.0 4.0 33.0 10.0 16.0 27.0 7.0 16.0 0.0 0.0 59.0 34.0 60.0 33.0 44.0 23.0 16.0 0.0 33.0 7.0 60.0 18.0 23.0 13.0 5.0 5.0 31.0 23.0 27.0 8.0 14.0 2.0 0.0 0.0 8.0 11.0 28.0 9.0 0.0 14.0 10.0 0.0 7.0 0.0 19.0 7.0 6.0 2.0 4.0 0.0 3.0 0.0 11.0 0.0 0.0 1.0 0.0 0.0
77 8 64 25.0 20.0 56.0 37.0 26.0 9.0 10.0 4.0 38.0 10.0 19.0 31.0 7.0 16.0 0.0 3.0 59.0 34.0 60.0 33.0 44.0 23.0 16.0 0.0 33.0 7.0 60.0 18.0 23.0 13.0 5.0 5.0 31.0 23.0 27.0 8.0 14.0 2.0 0.0 0.0 8.0 11.0 28.0 9.0 0.0 14.0 10.0 0.0 7.0 0.0 19.0 7.0 6.0 2.0 4.0 0.0 3.0 0.0 11.0 0.0 0.0 1.0 0.0 0.0
78 8 64 25.0 20.0 56.0 37.0 26.0 9.0 10.0 4.0 38.0 10.0 19.0 31.0 7.0 16.0 0.0 3.0 59.0 34.0 60.0 33.0 44.0 23.0 16.0 0.0 33.0 7.0 60.0 18.0 23.0 13.0 5.0 5.0 35.0 28.0 28.0 11.0 14.0 2.0 0.0 2.0 8.0 11.0 28.0 9.0 0.0 14.0 10.0 0.0 7.0 0.0 19.0 7.0 6.0 2.0 4.0 0.0 3.0 0.0 11.0 0.0 0.0 1.0 0.0 0.0
79 8 64 25.0 20.0 56.0 37.0 26.0 9.0 10.0 4.0 38.0 10.0 19.0 31.0 7.0 16.0 0.0 3.0 59.0 34.0 60.0 33.0 44.0 23.0 16.0 0.0 33.0 7.0 60.0 18.0 23.0 13.0 5.0 5.0 35.0 28.0 28.0 11.0 14.0 2.0 0.0 2.0 8.0 11.0 28.0 9.0 0.0 14.0 10.0 0.0 7.0 0.0 19.0 7.0 6.0 2.0 4.0 0.0 6.0 4.0 11.0 2.0 5.0 1.0 0.0 1.0
80 8 64 25.0 20.0 56.0 37.0 26.0 9.0 10.0 4.0 38.0 10.0 19.0 31.0 7.0 16.0 0.0 3.0 59.0 34.0 60.0 33.0 44.0 23.0 16.0 0.0 33.0 7.0 60.0 18.0 23.0 13.0 5.0 5.0 35.0 28.0 28.0 11.0 14.0 2.0 0.0 2.0 8.0 11.0 28.0 9.0 0.0 14.0 10.0 0.0 9.0 3.0 19.0 8.0 10.0 2.0 4.0 5.0 6.0 4.0 11.0 2.0 5.0 1.0 0.0 1.0
81 8 64 25.0 20.0 56.0 37.0 26.0 9.0 10.0 4.0 38.0 10.0 19.0 31.0 7.0 16.0 0.0 3.0 60.0 36.0 60.0 33.0 47.0 23.0 21.0 4.0 33.0 7.0 60.0 18.0 23.0 13.0 5.0 5.0 35.0 28.0 28.0 11.0 14.0 2.0 0.0 2.0 8.0 11.0 28.0 9.0 0.0 14.0 10.0 0.0 9.0 3.0 19.0 8.0 10.0 2.0 4.0 5.0 6.0 4.0 11.0 2.0 5.0 1.0 0.0 1.0
82 9 81 25.0 20.0 56.0 37.0 26.0 9.0 10.0 4.0 0.0 38.0 10.0 19.0 31.0 7.0 16.0 0.0 3.0 0.0 60.0 36.0 60.0 33.0 47.0 23.0 21.0 4.0 0.0 33.0 7.0 60.0 18.0 23.0 13.0 5.0 5.0 0.0 35.0 28.0 28.0 11.0 14.0 2.0 0.0 2.0 0.0 8.0 11.0 28.0 9.0 0.0 14.0 10.0 0.0 0.0 9.0 3.0 19.0 8.0 10.0 2.0 4.0 5.0 0.0 6.0 4.0 11.0 2.0 5.0 1.0 0.0 1.0 0.0 0.0 1.0 5.0 0.0 2.0 0.0 4.0 3.0 0.0
83 9 81 25.0 20.0 60.0 37.0 27.0 9.0 13.0 6.0 5.0 38.0 10.0 19.0 31.0 7.0 16.0 0.0 3.0 0.0 60.0 36.0 60.0 33.0 47.0 23.0 21.0 4.0 0.0 33.0 7.0 60.0 18.0 23.0 13.0 5.0 5.0 0.0 35.0 28.0 28.0 11.0 14.0 2.0 0.0 2.0 0.0 8.0 11.0 28.0 9.0 0.0 14.0 10.0 0.0 0.0 9.0 3.0 19.0 8.0 10.0 2.0 4.0 5.0 0.0 6.0 4.0 11.0 2.0 5.0 1.0 0.0 1.0 0.0 0.0 1.0 5.0 0.0 2.0 0.0 4.0 3.0 0.0
84 10 100 25.0 20.0 60.0 37.0 27.0 9.0 13.0 6.0 5.0 0.0 38.0 10.0 19.0 31.0 7.0 16.0 0.0 3.0 0.0 0.0 60.0 36.0 60.0 33.0 47.0 23.0 21.0 4.0 0.0 0.0 33.0 7.0 60.0 18.0 23.0 13.0 5.0 5.0 0.0 0.0 35.0 28.0 28.0 11.0 14.0 2.0 0.0 2.0 0.0 0.0 8.0 11.0 28.0 9.0 0.0 14.0 10.0 0.0 0.0 0.0 9.0 3.0 19.0 8.0 10.0 2.0 4.0 5.0 0.0 0.0 6.0 4.0 11.0 2.0 5.0 1.0 0.0 1.0 0.0 0.0 0.0 1.0 5.0 0.0 2.0 0.0 4.0 3.0 0.0 0.0 5.0 0.0 3.0 0.0 0.0 0.0 2.0 1.0 4.0 0.0
85 10 100 25.0 20.0 60.0 37.0 27.0 9.0 13.0 6.0 5.0 0.0 38.0 10.0 19.0 31.0 7.0 16.0 0.0 3.0 0.0 0.0 60.0 36.0 60.0 33.0 47.0 23.0 21.0 4.0 0.0 0.0 33.0 7.0 60.0 18.0 23.0 13.0 5.0 5.0 0.0 0.0 35.0 28.0 28.0 11.0 14.0 2.0 0.0 2.0 0.0 0.0 8.0 11.0 28.0 9.0 0.0 14.0 10.0 0.0 0.0 0.0 9.0 3.0 19.0 8.0 10.0 2.0 4.0 5.0 0.0 0.0 6.0 4.0 11.0 2.0 5.0 1.0 0.0 1.0 0.0 0.0 0.0 1.0 5.0 0.0 2.0 0.0 4.0 3.0 0.0 0.0 9.0 0.0 5.0 0.0 0.0 0.0 3.0 1.0 7.0 5.0
86 10 100 28.0 20.0 61.0 37.0 27.0 9.0 13.0 6.0 7.0 9.0 38.0 10.0 19.0 31.0 7.0 16.0 0.0 3.0 0.0 0.0 60.0 36.0 60.0 33.0 47.0 23.0 21.0 4.0 0.0 0.0 33.0 7.0 60.0 18.0 23.0 13.0 5.0 5.0 0.0 0.0 35.0 28.0 28.0 11.0 14.0 2.0 0.0 2.0 0.0 0.0 8.0 11.0 28.0 9.0 0.0 14.0 10.0 0.0 0.0 0.0 9.0 3.0 19.0 8.0 10.0 2.0 4.0 5.0 0.0 0.0 6.0 4.0 11.0 2.0 5.0 1.0 0.0 1.0 0.0 0.0 0.0 1.0 5.0 0.0 2.0 0.0 4.0 3.0 0.0 0.0 9.0 0.0 5.0 0.0 0.0 0.0 3.0 1.0 7.0 5.0
87 10 100 28.0 20.0 61.0 37.0 27.0 9.0 13.0 6.0 7.0 9.0 38.0 10.0 19.0 31.0 7.0 16.0 0.0 3.0 0.0 0.0 60.0 36.0 60.0 33.0 47.0 23.0 21.0 4.0 0.0 0.0 33.0 7.0 60.0 18.0 23.0 13.0 5.0 5.0 0.0 0.0 35.0 28.0 28.0 11.0 14.0 2.0 0.0 2.0 0.0 0.0 8.0 11.0 28.0 9.0 0.0 14.0 10.0 0.0 0.0 0.0 9.0 3.0 19.0 8.0 10.0 2.0 4.0 5.0 0.0 0.0 6.0 4.0 11.0 2.0 5.0 1.0 0.0 1.0 0.0 0.0 7.0 1.0 5.0 0.0 2.0 0.0 4.0 3.0 1.0 7.0 9.0 0.0 5.0 0.0 0.0 0.0 3.0 1.0 7.0 5.0
88 10 100 33.0 20.0 61.0 37.0 27.0 9.0 13.0 6.0 12.0 14.0 38.0 10.0 19.0 31.0 7.0 16.0 0.0 3.0 0.0 0.0 60.0 36.0 60.0 33.0 47.0 23.0 21.0 4.0 0.0 0.0 33.0 7.0 60.0 18.0 23.0 13.0 5.0 5.0 0.0 0.0 35.0 28.0 28.0 11.0 14.0 2.0 0.0 2.0 0.0 0.0 8.0 11.0 28.0 9.0 0.0 14.0 10.0 0.0 0.0 0.0 9.0 3.0 19.0 8.0 10.0 2.0 4.0 5.0 0.0 0.0 6.0 4.0 11.0 2.0 5.0 1.0 0.0 1.0 0.0 0.0 7.0 1.0 5.0 0.0 2.0 0.0 4.0 3.0 1.0 7.0 9.0 0.0 5.0 0.0 0.0 0.0 3.0 1.0 7.0 5.0
89 10 100 41.0 20.0 61.0 37.0 27.0 9.0 13.0 6.0 16.0 17.0 38.0 10.0 19.0 31.0 7.0 16.0 0.0 3.0 0.0 0.0 60.0 36.0 60.0 33.0 47.0 23.0 21.0 4.0 0.0 0.0 33.0 7.0 60.0 18.0 23.0 13.0 5.0 5.0 0.0 0.0 35.0 28.0 28.0 11.0 14.0 2.0 0.0 2.0 0.0 0.0 8.0 11.0 28.0 9.0 0.0 14.0 10.0 0.0 0.0 0.0 9.0 3.0 19.0 8.0 10.0 2.0 4.0 5.0 0.0 0.0 6.0 4.0 11.0 2.0 5.0 1.0 0.0 1.0 0.0 0.0 7.0 1.0 5.0 0.0 2.0 0.0 4.0 3.0 1.0 7.0 9.0 0.0 5.0 0.0 0.0 0.0 3.0 1.0 7.0 5.0
90 11 121 41.0 20.0 61.0 37.0 27.0 9.0 13.0 6.0 16.0 17.0 0.0 38.0 10.0 19.0 31.0 7.0 16.0 0.0 3.0 0.0 0.0 0.0 60.0 36.0 60.0 33.0 47.0 23.0 21.0 4.0 0.0 0.0 0.0 33.0 7.0 60.0 18.0 23.0 13.0 5.0 5.0 0.0 0.0 0.0 35.0 28.0 28.0 11.0 14.0 2.0 0.0 2.0 0.0 0.0 0.0 8.0 11.0 28.0 9.0 0.0 14.0 10.0 0.0 0.0 0.0 0.0 9.0 3.0 19.0 8.0 10.0 2.0 4.0 5.0 0.0 0.0 0.0 6.0 4.0 11.0 2.0 5.0 1.0 0.0 1.0 0.0 0.0 0.0 7.0 1.0 5.0 0.0 2.0 0.0 4.0 3.0 1.0 7.0 0.0 9.0 0.0 5.0 0.0 0.0 0.0 3.0 1.0 7.0 5.0 0.0 11.0 0.0 0.0 0.0 0.0 0.0 0.0 0.0 3.0 1.0 0.0
91 11 121 41.0 20.0 61.0 37.0 27.0 9.0 13.0 6.0 16.0 17.0 0.0 38.0 10.0 19.0 31.0 7.0 16.0 0.0 3.0 0.0 0.0 0.0 68.0 36.0 60.0 33.0 47.0 23.0 21.0 4.0 2.0 0.0 5.0 33.0 7.0 60.0 18.0 23.0 13.0 5.0 5.0 0.0 0.0 0.0 35.0 28.0 28.0 11.0 14.0 2.0 0.0 2.0 0.0 0.0 0.0 8.0 11.0 28.0 9.0 0.0 14.0 10.0 0.0 0.0 0.0 0.0 9.0 3.0 19.0 8.0 10.0 2.0 4.0 5.0 0.0 0.0 0.0 6.0 4.0 11.0 2.0 5.0 1.0 0.0 1.0 0.0 0.0 0.0 7.0 1.0 5.0 0.0 2.0 0.0 4.0 3.0 1.0 7.0 0.0 9.0 0.0 5.0 0.0 0.0 0.0 3.0 1.0 7.0 5.0 0.0 11.0 0.0 0.0 0.0 0.0 0.0 0.0 0.0 3.0 1.0 0.0
92 11 121 41.0 20.0 61.0 37.0 27.0 9.0 13.0 6.0 16.0 17.0 0.0 38.0 10.0 19.0 31.0 7.0 16.0 0.0 3.0 0.0 0.0 0.0 68.0 36.0 60.0 33.0 47.0 23.0 21.0 4.0 2.0 0.0 5.0 33.0 7.0 60.0 18.0 23.0 13.0 5.0 5.0 0.0 0.0 0.0 35.0 28.0 28.0 11.0 14.0 2.0 0.0 2.0 0.0 0.0 0.0 8.0 11.0 28.0 9.0 0.0 14.0 10.0 0.0 0.0 0.0 0.0 9.0 3.0 19.0 8.0 10.0 2.0 4.0 5.0 0.0 0.0 0.0 11.0 4.0 16.0 2.0 5.0 1.0 0.0 1.0 1.0 0.0 4.0 7.0 1.0 5.0 0.0 2.0 0.0 4.0 3.0 1.0 7.0 0.0 9.0 0.0 5.0 0.0 0.0 0.0 3.0 1.0 7.0 5.0 0.0 11.0 0.0 0.0 0.0 0.0 0.0 0.0 0.0 3.0 1.0 0.0
93 11 121 41.0 20.0 61.0 37.0 27.0 9.0 13.0 6.0 16.0 17.0 0.0 38.0 10.0 19.0 31.0 7.0 16.0 0.0 3.0 0.0 0.0 0.0 68.0 36.0 60.0 33.0 47.0 23.0 21.0 4.0 2.0 0.0 5.0 33.0 7.0 60.0 18.0 23.0 13.0 5.0 5.0 0.0 0.0 0.0 35.0 28.0 28.0 11.0 14.0 2.0 0.0 2.0 0.0 0.0 0.0 8.0 11.0 28.0 9.0 0.0 14.0 10.0 0.0 0.0 0.0 0.0 9.0 3.0 19.0 8.0 10.0 2.0 4.0 5.0 0.0 0.0 0.0 11.0 4.0 16.0 2.0 5.0 1.0 0.0 1.0 1.0 0.0 4.0 7.0 1.0 5.0 0.0 2.0 0.0 4.0 3.0 1.0 7.0 0.0 9.0 0.0 5.0 0.0 0.0 0.0 3.0 1.0 7.0 5.0 0.0 14.0 0.0 4.0 0.0 0.0 0.0 0.0 5.0 3.0 1.0 3.0
94 11 121 41.0 20.0 61.0 37.0 27.0 9.0 13.0 6.0 16.0 17.0 0.0 38.0 10.0 19.0 31.0 7.0 16.0 0.0 3.0 0.0 0.0 0.0 68.0 36.0 60.0 33.0 47.0 23.0 21.0 4.0 2.0 0.0 5.0 33.0 7.0 60.0 18.0 23.0 13.0 5.0 5.0 0.0 0.0 0.0 36.0 28.0 31.0 11.0 14.0 2.0 0.0 6.0 0.0 0.0 7.0 8.0 11.0 28.0 9.0 0.0 14.0 10.0 0.0 0.0 0.0 0.0 9.0 3.0 19.0 8.0 10.0 2.0 4.0 5.0 0.0 0.0 0.0 11.0 4.0 16.0 2.0 5.0 1.0 0.0 1.0 1.0 0.0 4.0 7.0 1.0 5.0 0.0 2.0 0.0 4.0 3.0 1.0 7.0 0.0 9.0 0.0 5.0 0.0 0.0 0.0 3.0 1.0 7.0 5.0 0.0 14.0 0.0 4.0 0.0 0.0 0.0 0.0 5.0 3.0 1.0 3.0
95 11 121 41.0 20.0 61.0 37.0 27.0 9.0 13.0 6.0 16.0 17.0 0.0 38.0 10.0 21.0 31.0 12.0 16.0 0.0 6.0 0.0 0.0 5.0 68.0 36.0 60.0 33.0 47.0 23.0 21.0 4.0 2.0 0.0 5.0 33.0 7.0 60.0 18.0 23.0 13.0 5.0 5.0 0.0 0.0 0.0 36.0 28.0 31.0 11.0 14.0 2.0 0.0 6.0 0.0 0.0 7.0 8.0 11.0 28.0 9.0 0.0 14.0 10.0 0.0 0.0 0.0 0.0 9.0 3.0 19.0 8.0 10.0 2.0 4.0 5.0 0.0 0.0 0.0 11.0 4.0 16.0 2.0 5.0 1.0 0.0 1.0 1.0 0.0 4.0 7.0 1.0 5.0 0.0 2.0 0.0 4.0 3.0 1.0 7.0 0.0 9.0 0.0 5.0 0.0 0.0 0.0 3.0 1.0 7.0 5.0 0.0 14.0 0.0 4.0 0.0 0.0 0.0 0.0 5.0 3.0 1.0 3.0
96 11 121 41.0 20.0 61.0 37.0 27.0 9.0 13.0 6.0 16.0 17.0 0.0 38.0 10.0 21.0 31.0 12.0 16.0 0.0 6.0 0.0 0.0 5.0 68.0 36.0 60.0 33.0 47.0 23.0 21.0 4.0 2.0 0.0 5.0 33.0 12.0 61.0 18.0 27.0 13.0 5.0 7.0 0.0 0.0 3.0 36.0 28.0 31.0 11.0 14.0 2.0 0.0 6.0 0.0 0.0 7.0 8.0 11.0 28.0 9.0 0.0 14.0 10.0 0.0 0.0 0.0 0.0 9.0 3.0 19.0 8.0 10.0 2.0 4.0 5.0 0.0 0.0 0.0 11.0 4.0 16.0 2.0 5.0 1.0 0.0 1.0 1.0 0.0 4.0 7.0 1.0 5.0 0.0 2.0 0.0 4.0 3.0 1.0 7.0 0.0 9.0 0.0 5.0 0.0 0.0 0.0 3.0 1.0 7.0 5.0 0.0 14.0 0.0 4.0 0.0 0.0 0.0 0.0 5.0 3.0 1.0 3.0
97 11 121 41.0 20.0 61.0 37.0 27.0 9.0 13.0 6.0 16.0 17.0 0.0 38.0 10.0 21.0 31.0 12.0 16.0 0.0 6.0 0.0 0.0 5.0 68.0 36.0 60.0 33.0 47.0 23.0 21.0 4.0 2.0 0.0 5.0 33.0 12.0 61.0 18.0 27.0 13.0 5.0 7.0 0.0 0.0 3.0 36.0 28.0 31.0 11.0 14.0 2.0 0.0 6.0 0.0 0.0 7.0 8.0 11.0 28.0 9.0 0.0 14.0 10.0 0.0 0.0 0.0 0.0 9.0 7.0 19.0 13.0 13.0 2.0 4.0 6.0 0.0 0.0 2.0 11.0 4.0 16.0 2.0 5.0 1.0 0.0 1.0 1.0 0.0 4.0 7.0 1.0 5.0 0.0 2.0 0.0 4.0 3.0 1.0 7.0 0.0 9.0 0.0 5.0 0.0 0.0 0.0 3.0 1.0 7.0 5.0 0.0 14.0 0.0 4.0 0.0 0.0 0.0 0.0 5.0 3.0 1.0 3.0
98 11 121 41.0 20.0 61.0 37.0 27.0 9.0 13.0 6.0 16.0 17.0 0.0 38.0 10.0 21.0 31.0 12.0 16.0 0.0 6.0 0.0 0.0 5.0 68.0 39.0 60.0 37.0 49.0 23.0 26.0 4.0 2.0 0.0 6.0 33.0 12.0 61.0 18.0 27.0 13.0 5.0 7.0 0.0 0.0 3.0 36.0 28.0 31.0 11.0 14.0 2.0 0.0 6.0 0.0 0.0 7.0 8.0 11.0 28.0 9.0 0.0 14.0 10.0 0.0 0.0 0.0 0.0 9.0 7.0 19.0 13.0 13.0 2.0 4.0 6.0 0.0 0.0 2.0 11.0 4.0 16.0 2.0 5.0 1.0 0.0 1.0 1.0 0.0 4.0 7.0 1.0 5.0 0.0 2.0 0.0 4.0 3.0 1.0 7.0 0.0 9.0 0.0 5.0 0.0 0.0 0.0 3.0 1.0 7.0 5.0 0.0 14.0 0.0 4.0 0.0 0.0 0.0 0.0 5.0 3.0 1.0 3.0
99 11 121 41.0 20.0 61.0 37.0 27.0 9.0 13.0 6.0 16.0 17.0 0.0 38.0 12.0 26.0 34.0 13.0 16.0 4.0 6.0 0.0 0.0 5.0 68.0 39.0 60.0 37.0 49.0 23.0 26.0 4.0 2.0 0.0 6.0 33.0 12.0 61.0 18.0 27.0 13.0 5.0 7.0 0.0 0.0 3.0 36.0 28.0 31.0 11.0 14.0 2.0 0.0 6.0 0.0 0.0 7.0 8.0 11.0 28.0 9.0 0.0 14.0 10.0 0.0 0.0 0.0 0.0 9.0 7.0 19.0 13.0 13.0 2.0 4.0 6.0 0.0 0.0 2.0 11.0 4.0 16.0 2.0 5.0 1.0 0.0 1.0 1.0 0.0 4.0 7.0 1.0 5.0 0.0 2.0 0.0 4.0 3.0 1.0 7.0 0.0 9.0 0.0 5.0 0.0 0.0 0.0 3.0 1.0 7.0 5.0 0.0 14.0 0.0 4.0 0.0 0.0 0.0 0.0 5.0 3.0 1.0 3.0
