100
0 1 1 0 
1 1 1 0 
2 1 2 0 1 
3 1 2 0 1 
4 1 2 0 1 
5 1 2 0 1 
6 1 2 0 1 
7 1 3 0 1 2 
8 1 4 0 1 2 3 
9 1 5 0 1 2 3 4 
10 1 5 0 1 2 3 4 
11 1 5 0 1 2 3 4 
12 1 5 0 1 2 3 4 
13 1 5 0 1 2 3 4 
14 1 5 0 1 2 3 4 
15 1 5 0 1 2 3 4 
16 1 5 0 1 2 3 4 
17 1 5 0 1 2 3 4 
18 1 5 0 1 2 3 4 
19 1 5 0 1 2 3 4 
20 1 5 0 1 2 3 4 
21 1 5 0 1 2 3 4 
22 1 5 0 1 2 3 4 
23 1 5 0 1 2 3 4 
24 1 5 0 1 2 3 4 
25 1 5 0 1 2 3 4 
26 1 5 0 1 2 3 4 
27 1 5 0 1 2 3 4 
28 1 5 0 1 2 3 4 
29 1 5 0 1 2 3 4 
30 1 5 0 1 2 3 4 
31 1 5 0 1 2 3 4 
32 1 5 0 1 2 3 4 
33 1 5 0 1 2 3 4 
34 1 5 0 1 2 3 4 
35 1 5 0 1 2 3 4 
36 1 5 0 1 2 3 4 
37 1 5 0 1 2 3 4 
38 1 5 0 1 2 3 4 
39 1 5 0 1 2 3 4 
40 2 5 0 1 2 3 4 1 5 
41 2 5 0 1 2 3 4 1 5 
42 2 5 0 1 2 3 4 1 5 
43 2 5 0 1 2 3 4 1 5 
44 1 6 0 1 2 3 4 5 
45 1 6 0 1 2 3 4 5 
46 1 6 0 1 2 3 4 5 
47 1 6 0 1 2 3 4 5 
48 1 6 0 1 2 3 4 5 
49 1 6 0 1 2 3 4 5 
50 1 6 0 1 2 3 4 5 
51 1 6 0 1 2 3 4 5 
52 1 6 0 1 2 3 4 5 
53 1 6 0 1 2 3 4 5 
54 1 6 0 1 2 3 4 5 
55 1 6 0 1 2 3 4 5 
56 1 6 0 1 2 3 4 5 
57 1 6 0 1 2 3 4 5 
58 2 6 0 1 2 3 4 5 1 6 
59 2 6 0 1 2 3 4 5 1 6 
60 2 6 0 1 2 3 4 5 1 6 
61 2 6 0 1 2 3 4 5 1 6 
62 2 6 0 1 2 3 4 5 1 6 
63 2 6 0 1 2 3 4 5 1 6 
64 2 6 0 1 2 3 4 5 1 6 
65 2 6 0 1 2 3 4 5 1 6 
66 2 6 0 1 2 3 4 5 1 6 
67 2 6 0 1 2 3 4 5 1 6 
68 2 6 0 1 2 3 4 5 1 6 
69 2 6 0 1 2 3 4 5 1 6 
70 2 6 0 1 2 3 4 5 1 6 
71 2 6 0 1 2 3 4 5 1 6 
72 2 6 0 1 2 3 4 5 1 6 
73 2 6 0 1 2 3 4 5 1 6 
74 3 6 0 1 2 3 4 5 1 6 1 7 
75 3 6 0 1 2 3 4 5 1 6 1 7 
76 3 6 0 1 2 3 4 5 1 6 1 7 
77 3 6 0 1 2 3 4 5 1 6 1 7 
78 3 5 0 1 2 3 4 2 5 6 1 7 
79 3 5 0 1 2 3 4 2 5 6 1 7 
80 2 5 0 1 2 3 4 3 5 6 7 
81 2 5 0 1 2 3 4 3 5 6 7 
82 2 5 0 1 2 3 4 4 5 6 7 8 
83 2 5 0 1 2 3 4 4 5 6 7 8 
84 2 5 0 1 2 3 4 5 5 6 7 8 9 
85 2 5 0 1 2 3 4 5 5 6 7 8 9 
86 2 5 0 1 2 3 4 5 5 6 7 8 9 
87 2 5 0 1 2 3 4 5 5 6 7 8 9 
88 2 5 0 1 2 3 4 5 5 6 7 8 9 
89 2 5 0 1 2 3 4 5 5 6 7 8 9 
90 2 5 0 1 2 3 4 6 5 6 7 8 9 10 
91 2 5 0 1 2 3 4 6 5 6 7 8 9 10 
92 2 5 0 1 2 3 4 6 5 6 7 8 9 10 
93 2 5 0 1 2 3 4 6 5 6 7 8 9 10 
94 2 5 0 1 2 3 4 6 5 6 7 8 9 10 
95 2 5 0 1 2 3 4 6 5 6 7 8 9 10 
96 2 5 0 1 2 3 4 6 5 6 7 8 9 10 
97 2 5 0 1 2 3 4 6 5 6 7 8 9 10 
98 2 5 0 1 2 3 4 6 5 6 7 8 9 10 
99 2 5 0 1 2 3 4 6 5 6 7 8 9 10 
