100
0 1 1 0.0
1 1 1 1.0
2 2 4 1.0 0.0 1.0 0.0
3 2 4 1.0 0.0 1.0 0.0
4 2 4 1.0 0.0 1.0 0.0
5 2 4 1.0 0.0 2.0 0.0
6 2 4 1.0 1.0 2.0 0.0
7 3 9 1.0 1.0 0.0 2.0 0.0 0.0 1.0 0.0 0.0
8 4 16 1.0 1.0 0.0 0.0 2.0 0.0 0.0 0.0 1.0 0.0 0.0 0.0 0.0 0.0 1.0 0.0
9 5 25 1.0 1.0 0.0 0.0 0.0 2.0 0.0 0.0 0.0 0.0 1.0 0.0 0.0 0.0 0.0 0.0 0.0 1.0 0.0 0.0 0.0 0.0 0.0 1.0 0.0
10 5 25 1.0 1.0 0.0 0.0 0.0 2.0 0.0 0.0 0.0 0.0 1.0 0.0 0.0 0.0 1.0 0.0 0.0 1.0 0.0 0.0 0.0 0.0 0.0 1.0 0.0
11 5 25 1.0 1.0 1.0 0.0 0.0 2.0 0.0 0.0 0.0 0.0 1.0 0.0 0.0 0.0 1.0 0.0 0.0 1.0 0.0 0.0 0.0 0.0 0.0 1.0 0.0
12 5 25 1.0 1.0 1.0 0.0 0.0 2.0 0.0 0.0 0.0 0.0 1.0 0.0 0.0 0.0 1.0 1.0 0.0 1.0 0.0 0.0 0.0 0.0 0.0 1.0 0.0
13 5 25 1.0 1.0 1.0 0.0 0.0 2.0 0.0 0.0 0.0 0.0 1.0 0.0 0.0 0.0 1.0 1.0 0.0 1.0 1.0 0.0 0.0 0.0 0.0 1.0 0.0
14 5 25 1.0 1.0 1.0 0.0 0.0 2.0 0.0 0.0 1.0 0.0 1.0 0.0 0.0 0.0 1.0 1.0 0.0 1.0 1.0 0.0 0.0 0.0 0.0 1.0 0.0
15 5 25 1.0 1.0 1.0 0.0 0.0 2.0 0.0 0.0 1.0 0.0 1.0 1.0 0.0 0.0 1.0 1.0 0.0 1.0 1.0 0.0 0.0 0.0 0.0 1.0 0.0
16 5 25 1.0 1.0 1.0 0.0 0.0 2.0 0.0 0.0 1.0 0.0 1.0 1.0 0.0 0.0 1.0 1.0 0.0 2.0 1.0 0.0 0.0 0.0 0.0 1.0 0.0
17 5 25 1.0 1.0 1.0 1.0 0.0 2.0 0.0 0.0 1.0 0.0 1.0 1.0 0.0 0.0 1.0 1.0 0.0 2.0 1.0 0.0 0.0 0.0 0.0 1.0 0.0
18 5 25 2.0 1.0 1.0 1.0 0.0 2.0 0.0 0.0 1.0 0.0 1.0 1.0 0.0 0.0 1.0 1.0 0.0 2.0 1.0 0.0 0.0 0.0 0.0 1.0 0.0
19 5 25 2.0 1.0 1.0 1.0 0.0 2.0 0.0 0.0 1.0 0.0 1.0 1.0 0.0 0.0 1.0 1.0 0.0 2.0 1.0 0.0 1.0 0.0 0.0 1.0 0.0
20 5 25 2.0 1.0 1.0 1.0 0.0 2.0 0.0 0.0 1.0 0.0 1.0 1.0 0.0 0.0 2.0 1.0 0.0 2.0 1.0 0.0 1.0 0.0 0.0 1.0 0.0
21 5 25 2.0 1.0 1.0 1.0 0.0 2.0 0.0 0.0 1.0 0.0 1.0 1.0 1.0 0.0 2.0 1.0 0.0 2.0 1.0 0.0 1.0 0.0 0.0 1.0 0.0
22 5 25 2.0 1.0 1.0 1.0 0.0 2.0 0.0 0.0 1.0 0.0 1.0 1.0 1.0 0.0 2.0 1.0 0.0 3.0 1.0 0.0 1.0 0.0 0.0 1.0 0.0
23 5 25 2.0 1.0 1.0 2.0 0.0 2.0 0.0 0.0 1.0 0.0 1.0 1.0 1.0 0.0 2.0 1.0 0.0 3.0 1.0 0.0 1.0 0.0 0.0 1.0 0.0
24 5 25 2.0 1.0 1.0 2.0 0.0 3.0 0.0 0.0 1.0 0.0 1.0 1.0 1.0 0.0 2.0 1.0 0.0 3.0 1.0 0.0 1.0 0.0 0.0 1.0 0.0
25 5 25 2.0 1.0 1.0 2.0 0.0 3.0 0.0 0.0 1.0 0.0 1.0 1.0 1.0 0.0 2.0 1.0 0.0 3.0 1.0 0.0 1.0 0.0 0.0 1.0 0.0
26 5 25 2.0 1.0 1.0 2.0 0.0 3.0 0.0 0.0 1.0 0.0 1.0 1.0 1.0 0.0 2.0 1.0 0.0 3.0 1.0 0.0 1.0 0.0 0.0 1.0 0.0
27 5 25 2.0 1.0 1.0 2.0 0.0 3.0 0.0 0.0 1.0 0.0 1.0 1.0 1.0 0.0 3.0 1.0 0.0 3.0 1.0 0.0 1.0 0.0 0.0 1.0 0.0
28 5 25 2.0 1.0 1.0 2.0 0.0 3.0 0.0 1.0 1.0 0.0 1.0 1.0 1.0 0.0 3.0 1.0 0.0 3.0 1.0 0.0 1.0 0.0 0.0 1.0 0.0
29 5 25 2.0 1.0 1.0 2.0 0.0 3.0 0.0 1.0 1.0 0.0 1.0 2.0 1.0 0.0 3.0 1.0 0.0 3.0 1.0 0.0 1.0 0.0 0.0 1.0 0.0
30 5 25 2.0 1.0 2.0 2.0 0.0 3.0 0.0 1.0 1.0 0.0 1.0 2.0 1.0 0.0 3.0 1.0 0.0 3.0 1.0 0.0 1.0 0.0 0.0 1.0 0.0
31 5 25 2.0 1.0 2.0 2.0 0.0 3.0 0.0 1.0 1.0 0.0 1.0 2.0 1.0 0.0 3.0 1.0 0.0 3.0 1.0 0.0 2.0 0.0 0.0 1.0 0.0
32 5 25 2.0 1.0 2.0 2.0 0.0 3.0 0.0 1.0 1.0 0.0 1.0 2.0 1.0 0.0 3.0 1.0 0.0 3.0 1.0 0.0 2.0 0.0 0.0 1.0 1.0
33 5 25 2.0 1.0 2.0 2.0 1.0 3.0 0.0 1.0 1.0 0.0 1.0 2.0 1.0 0.0 3.0 1.0 0.0 3.0 1.0 0.0 2.0 0.0 0.0 1.0 1.0
34 5 25 2.0 1.0 2.0 2.0 1.0 3.0 0.0 1.0 1.0 0.0 2.0 2.0 1.0 0.0 3.0 1.0 0.0 3.0 1.0 0.0 2.0 0.0 0.0 1.0 1.0
35 5 25 2.0 1.0 2.0 2.0 1.0 3.0 0.0 1.0 1.0 0.0 2.0 2.0 1.0 0.0 3.0 1.0 0.0 4.0 1.0 0.0 2.0 0.0 0.0 1.0 1.0
36 5 25 2.0 1.0 2.0 2.0 1.0 3.0 0.0 1.0 1.0 0.0 2.0 2.0 1.0 0.0 3.0 1.0 0.0 4.0 2.0 0.0 2.0 0.0 0.0 1.0 1.0
37 5 25 2.0 1.0 2.0 2.0 1.0 3.0 0.0 1.0 2.0 0.0 2.0 2.0 1.0 0.0 3.0 1.0 0.0 4.0 2.0 0.0 2.0 0.0 0.0 1.0 1.0
38 5 25 2.0 1.0 2.0 2.0 1.0 3.0 0.0 1.0 2.0 0.0 2.0 3.0 1.0 0.0 3.0 1.0 0.0 4.0 2.0 0.0 2.0 0.0 0.0 1.0 1.0
39 5 25 2.0 1.0 2.0 2.0 1.0 3.0 0.0 1.0 2.0 0.0 2.0 3.0 2.0 0.0 3.0 1.0 0.0 4.0 2.0 0.0 2.0 0.0 0.0 1.0 1.0
40 6 36 2.0 1.0 2.0 2.0 1.0 0.0 3.0 0.0 1.0 2.0 0.0 0.0 2.0 3.0 2.0 0.0 3.0 0.0 1.0 0.0 4.0 2.0 0.0 0.0 2.0 0.0 0.0 1.0 1.0 0.0 0.0 0.0 1.0 0.0 0.0 0.0
41 6 36 2.0 1.0 2.0 2.0 1.0 0.0 3.0 0.0 1.0 2.0 0.0 0.0 2.0 3.0 2.0 0.0 3.0 0.0 1.0 0.0 4.0 2.0 0.0 0.0 2.0 0.0 0.0 1.0 1.0 0.0 0.0 0.0 1.0 0.0 0.0 1.0
42 6 36 2.0 1.0 2.0 2.0 1.0 0.0 3.0 0.0 1.0 2.0 0.0 0.0 2.0 3.0 2.0 0.0 3.0 0.0 1.0 0.0 4.0 2.0 0.0 0.0 2.0 0.0 0.0 1.0 1.0 0.0 0.0 0.0 1.0 0.0 0.0 2.0
43 6 36 2.0 1.0 2.0 2.0 1.0 0.0 3.0 0.0 1.0 2.0 0.0 0.0 2.0 3.0 2.0 0.0 3.0 0.0 1.0 0.0 4.0 2.0 0.0 1.0 2.0 0.0 0.0 1.0 1.0 0.0 0.0 0.0 1.0 0.0 0.0 2.0
44 6 36 2.0 1.0 2.0 2.0 1.0 0.0 3.0 0.0 1.0 3.0 0.0 0.0 2.0 3.0 2.0 0.0 3.0 0.0 1.0 0.0 4.0 2.0 0.0 1.0 2.0 0.0 0.0 1.0 1.0 0.0 0.0 0.0 1.0 0.0 0.0 2.0
45 6 36 2.0 1.0 2.0 2.0 1.0 0.0 3.0 0.0 1.0 3.0 0.0 0.0 2.0 3.0 2.0 0.0 3.0 0.0 1.0 0.0 4.0 2.0 0.0 1.0 2.0 0.0 0.0 1.0 1.0 0.0 0.0 0.0 1.0 0.0 0.0 2.0
46 6 36 2.0 1.0 2.0 2.0 1.0 0.0 3.0 0.0 1.0 3.0 0.0 0.0 2.0 3.0 2.0 0.0 3.0 0.0 1.0 0.0 4.0 2.0 0.0 1.0 2.0 0.0 0.0 1.0 1.0 0.0 0.0 0.0 1.0 0.0 0.0 2.0
47 6 36 2.0 1.0 2.0 2.0 1.0 0.0 3.0 0.0 1.0 3.0 0.0 0.0 2.0 3.0 2.0 0.0 3.0 0.0 1.0 0.0 4.0 2.0 0.0 1.0 2.0 0.0 0.0 1.0 1.0 0.0 0.0 1.0 1.0 0.0 0.0 2.0
48 6 36 2.0 1.0 2.0 2.0 1.0 1.0 3.0 0.0 1.0 3.0 0.0 0.0 2.0 3.0 2.0 0.0 3.0 0.0 1.0 0.0 4.0 2.0 0.0 1.0 2.0 0.0 0.0 1.0 1.0 0.0 0.0 1.0 1.0 0.0 0.0 2.0
49 6 36 2.0 1.0 2.0 2.0 1.0 1.0 4.0 0.0 1.0 3.0 0.0 0.0 2.0 3.0 2.0 0.0 3.0 0.0 1.0 0.0 4.0 2.0 0.0 1.0 2.0 0.0 0.0 1.0 1.0 0.0 0.0 1.0 1.0 0.0 0.0 2.0
50 6 36 2.0 1.0 2.0 2.0 1.0 1.0 4.0 1.0 1.0 3.0 0.0 0.0 2.0 3.0 2.0 0.0 3.0 0.0 1.0 0.0 4.0 2.0 0.0 1.0 2.0 0.0 0.0 1.0 1.0 0.0 0.0 1.0 1.0 0.0 0.0 2.0
51 6 36 2.0 1.0 2.0 2.0 1.0 1.0 4.0 1.0 1.0 3.0 0.0 0.0 2.0 3.0 2.0 0.0 3.0 0.0 1.0 0.0 4.0 2.0 0.0 1.0 2.0 1.0 0.0 1.0 1.0 0.0 0.0 1.0 1.0 0.0 0.0 2.0
52 6 36 2.0 1.0 2.0 2.0 1.0 1.0 4.0 1.0 1.0 3.0 0.0 0.0 2.0 3.0 2.0 0.0 4.0 0.0 1.0 0.0 4.0 2.0 0.0 1.0 2.0 1.0 0.0 1.0 1.0 0.0 0.0 1.0 1.0 0.0 0.0 2.0
53 6 36 2.0 1.0 2.0 2.0 1.0 1.0 4.0 1.0 1.0 3.0 0.0 0.0 2.0 3.0 2.0 0.0 4.0 0.0 1.0 0.0 4.0 2.0 0.0 1.0 2.0 1.0 1.0 1.0 1.0 0.0 0.0 1.0 1.0 0.0 0.0 2.0
54 6 36 2.0 1.0 2.0 2.0 1.0 1.0 4.0 1.0 1.0 3.0 0.0 0.0 2.0 3.0 2.0 0.0 5.0 0.0 1.0 0.0 4.0 2.0 0.0 1.0 2.0 1.0 1.0 1.0 1.0 0.0 0.0 1.0 1.0 0.0 0.0 2.0
55 6 36 2.0 1.0 3.0 2.0 1.0 1.0 4.0 1.0 1.0 3.0 0.0 0.0 2.0 3.0 2.0 0.0 5.0 0.0 1.0 0.0 4.0 2.0 0.0 1.0 2.0 1.0 1.0 1.0 1.0 0.0 0.0 1.0 1.0 0.0 0.0 2.0
56 6 36 2.0 1.0 3.0 2.0 1.0 1.0 4.0 1.0 1.0 3.0 0.0 0.0 2.0 3.0 2.0 0.0 5.0 0.0 1.0 0.0 4.0 2.0 0.0 1.0 3.0 1.0 1.0 1.0 1.0 0.0 0.0 1.0 1.0 0.0 0.0 2.0
57 6 36 2.0 1.0 3.0 2.0 1.0 1.0 4.0 1.0 1.0 3.0 0.0 0.0 2.0 3.0 2.0 0.0 5.0 0.0 1.0 0.0 4.0 2.0 1.0 1.0 3.0 1.0 1.0 1.0 1.0 0.0 0.0 1.0 1.0 0.0 0.0 2.0
58 7 49 2.0 1.0 3.0 2.0 1.0 1.0 0.0 4.0 1.0 1.0 3.0 0.0 0.0 0.0 2.0 3.0 2.0 0.0 5.0 0.0 0.0 1.0 0.0 4.0 2.0 1.0 1.0 0.0 3.0 1.0 1.0 1.0 1.0 0.0 0.0 0.0 1.0 1.0 0.0 0.0 2.0 0.0 0.0 0.0 0.0 1.0 0.0 0.0 0.0
59 7 49 2.0 1.0 3.0 2.0 1.0 1.0 1.0 4.0 1.0 1.0 3.0 0.0 0.0 0.0 2.0 3.0 2.0 0.0 5.0 0.0 0.0 1.0 0.0 4.0 2.0 1.0 1.0 0.0 3.0 1.0 1.0 1.0 1.0 0.0 0.0 0.0 1.0 1.0 0.0 0.0 2.0 0.0 0.0 0.0 0.0 1.0 0.0 0.0 0.0
60 7 49 2.0 1.0 3.0 2.0 1.0 1.0 1.0 4.0 1.0 1.0 3.0 0.0 0.0 0.0 3.0 3.0 2.0 0.0 5.0 0.0 0.0 1.0 0.0 4.0 2.0 1.0 1.0 0.0 3.0 1.0 1.0 1.0 1.0 0.0 0.0 0.0 1.0 1.0 0.0 0.0 2.0 0.0 0.0 0.0 0.0 1.0 0.0 0.0 0.0
61 7 49 2.0 1.0 3.0 2.0 1.0 1.0 1.0 4.0 1.0 1.0 3.0 0.0 0.0 0.0 3.0 3.0 2.0 0.0 5.0 0.0 0.0 1.0 0.0 4.0 2.0 1.0 1.0 0.0 3.0 1.0 1.0 1.0 1.0 0.0 0.0 0.0 1.0 1.0 0.0 0.0 2.0 0.0 0.0 0.0 1.0 1.0 0.0 0.0 0.0
62 7 49 2.0 1.0 3.0 2.0 1.0 1.0 1.0 4.0 1.0 1.0 3.0 0.0 0.0 0.0 3.0 3.0 2.0 0.0 5.0 0.0 0.0 1.0 0.0 4.0 2.0 1.0 1.0 0.0 3.0 1.0 1.0 1.0 1.0 0.0 0.0 0.0 1.0 1.0 0.0 0.0 2.0 1.0 0.0 0.0 1.0 1.0 0.0 0.0 0.0
63 7 49 2.0 1.0 3.0 2.0 1.0 1.0 1.0 4.0 1.0 1.0 3.0 0.0 0.0 0.0 3.0 3.0 2.0 0.0 5.0 1.0 0.0 1.0 0.0 4.0 2.0 1.0 1.0 0.0 3.0 1.0 1.0 1.0 1.0 0.0 0.0 0.0 1.0 1.0 0.0 0.0 2.0 1.0 0.0 0.0 1.0 1.0 0.0 0.0 0.0
64 7 49 2.0 1.0 3.0 2.0 1.0 1.0 1.0 4.0 1.0 1.0 3.0 0.0 0.0 0.0 3.0 3.0 3.0 0.0 5.0 1.0 0.0 1.0 0.0 4.0 2.0 1.0 1.0 0.0 3.0 1.0 1.0 1.0 1.0 0.0 0.0 0.0 1.0 1.0 0.0 0.0 2.0 1.0 0.0 0.0 1.0 1.0 0.0 0.0 0.0
65 7 49 2.0 1.0 3.0 2.0 1.0 1.0 1.0 4.0 1.0 1.0 3.0 0.0 0.0 0.0 3.0 3.0 4.0 0.0 5.0 1.0 0.0 1.0 0.0 4.0 2.0 1.0 1.0 0.0 3.0 1.0 1.0 1.0 1.0 0.0 0.0 0.0 1.0 1.0 0.0 0.0 2.0 1.0 0.0 0.0 1.0 1.0 0.0 0.0 0.0
66 7 49 2.0 1.0 3.0 2.0 1.0 1.0 1.0 4.0 1.0 1.0 3.0 0.0 0.0 0.0 3.0 3.0 4.0 0.0 5.0 1.0 0.0 1.0 0.0 4.0 2.0 1.0 1.0 0.0 3.0 1.0 1.0 1.0 1.0 0.0 0.0 0.0 1.0 1.0 0.0 0.0 2.0 1.0 0.0 0.0 2.0 1.0 0.0 0.0 0.0
67 7 49 2.0 1.0 3.0 2.0 1.0 1.0 1.0 4.0 1.0 1.0 3.0 0.0 0.0 0.0 3.0 3.0 4.0 0.0 5.0 1.0 0.0 1.0 0.0 4.0 2.0 1.0 1.0 1.0 3.0 1.0 1.0 1.0 1.0 0.0 0.0 0.0 1.0 1.0 0.0 0.0 2.0 1.0 0.0 0.0 2.0 1.0 0.0 0.0 0.0
68 7 49 2.0 1.0 3.0 3.0 1.0 1.0 1.0 4.0 1.0 1.0 3.0 0.0 0.0 0.0 3.0 3.0 4.0 0.0 5.0 1.0 0.0 1.0 0.0 4.0 2.0 1.0 1.0 1.0 3.0 1.0 1.0 1.0 1.0 0.0 0.0 0.0 1.0 1.0 0.0 0.0 2.0 1.0 0.0 0.0 2.0 1.0 0.0 0.0 0.0
69 7 49 2.0 1.0 3.0 3.0 1.0 1.0 1.0 4.0 1.0 1.0 3.0 0.0 0.0 0.0 3.0 3.0 4.0 0.0 5.0 1.0 0.0 1.0 0.0 4.0 2.0 1.0 1.0 1.0 3.0 1.0 1.0 1.0 1.0 0.0 0.0 1.0 1.0 1.0 0.0 0.0 2.0 1.0 0.0 0.0 2.0 1.0 0.0 0.0 0.0
70 7 49 2.0 1.0 3.0 3.0 1.0 1.0 1.0 4.0 1.0 1.0 3.0 0.0 0.0 0.0 3.0 3.0 4.0 0.0 5.0 2.0 0.0 1.0 0.0 4.0 2.0 1.0 1.0 1.0 3.0 1.0 1.0 1.0 1.0 0.0 0.0 1.0 1.0 1.0 0.0 0.0 2.0 1.0 0.0 0.0 2.0 1.0 0.0 0.0 0.0
71 7 49 2.0 1.0 4.0 3.0 1.0 1.0 1.0 4.0 1.0 1.0 3.0 0.0 0.0 0.0 3.0 3.0 4.0 0.0 5.0 2.0 0.0 1.0 0.0 4.0 2.0 1.0 1.0 1.0 3.0 1.0 1.0 1.0 1.0 0.0 0.0 1.0 1.0 1.0 0.0 0.0 2.0 1.0 0.0 0.0 2.0 1.0 0.0 0.0 0.0
72 7 49 2.0 1.0 4.0 3.0 1.0 1.0 1.0 4.0 1.0 1.0 3.0 0.0 0.0 0.0 4.0 3.0 4.0 0.0 5.0 2.0 0.0 1.0 0.0 4.0 2.0 1.0 1.0 1.0 3.0 1.0 1.0 1.0 1.0 0.0 0.0 1.0 1.0 1.0 0.0 0.0 2.0 1.0 0.0 0.0 2.0 1.0 0.0 0.0 0.0
73 7 49 2.0 1.0 4.0 3.0 1.0 1.0 1.0 4.0 1.0 1.0 3.0 0.0 0.0 0.0 4.0 3.0 5.0 0.0 5.0 2.0 0.0 1.0 0.0 4.0 2.0 1.0 1.0 1.0 3.0 1.0 1.0 1.0 1.0 0.0 0.0 1.0 1.0 1.0 0.0 0.0 2.0 1.0 0.0 0.0 2.0 1.0 0.0 0.0 0.0
74 8 64 2.0 1.0 4.0 3.0 1.0 1.0 1.0 0.0 4.0 1.0 1.0 3.0 0.0 0.0 0.0 0.0 4.0 3.0 5.0 0.0 5.0 2.0 0.0 0.0 1.0 0.0 4.0 2.0 1.0 1.0 1.0 0.0 3.0 1.0 1.0 1.0 1.0 0.0 0.0 0.0 1.0 1.0 1.0 0.0 0.0 2.0 1.0 0.0 0.0 0.0 2.0 1.0 0.0 0.0 0.0 0.0 0.0 0.0 1.0 0.0 0.0 0.0 0.0 0.0
75 8 64 2.0 1.0 4.0 3.0 1.0 1.0 1.0 0.0 4.0 1.0 1.0 3.0 0.0 0.0 0.0 0.0 4.0 3.0 5.0 0.0 5.0 2.0 0.0 0.0 1.0 0.0 4.0 2.0 1.0 1.0 1.0 1.0 3.0 1.0 1.0 1.0 1.0 0.0 0.0 0.0 1.0 1.0 1.0 0.0 0.0 2.0 1.0 0.0 0.0 0.0 2.0 1.0 0.0 0.0 0.0 0.0 0.0 0.0 1.0 0.0 0.0 0.0 0.0 0.0
76 8 64 2.0 1.0 4.0 4.0 1.0 1.0 1.0 0.0 4.0 1.0 1.0 3.0 0.0 0.0 0.0 0.0 4.0 3.0 5.0 0.0 5.0 2.0 0.0 0.0 1.0 0.0 4.0 2.0 1.0 1.0 1.0 1.0 3.0 1.0 1.0 1.0 1.0 0.0 0.0 0.0 1.0 1.0 1.0 0.0 0.0 2.0 1.0 0.0 0.0 0.0 2.0 1.0 0.0 0.0 0.0 0.0 0.0 0.0 1.0 0.0 0.0 0.0 0.0 0.0
77 8 64 2.0 1.0 4.0 4.0 1.0 1.0 1.0 0.0 5.0 1.0 1.0 3.0 0.0 0.0 0.0 0.0 4.0 3.0 5.0 0.0 5.0 2.0 0.0 0.0 1.0 0.0 4.0 2.0 1.0 1.0 1.0 1.0 3.0 1.0 1.0 1.0 1.0 0.0 0.0 0.0 1.0 1.0 1.0 0.0 0.0 2.0 1.0 0.0 0.0 0.0 2.0 1.0 0.0 0.0 0.0 0.0 0.0 0.0 1.0 0.0 0.0 0.0 0.0 0.0
78 8 64 2.0 1.0 4.0 4.0 1.0 1.0 1.0 0.0 5.0 1.0 1.0 3.0 0.0 0.0 0.0 0.0 4.0 3.0 5.0 0.0 5.0 2.0 0.0 0.0 1.0 0.0 4.0 2.0 1.0 1.0 1.0 1.0 3.0 2.0 1.0 1.0 1.0 0.0 0.0 0.0 1.0 1.0 1.0 0.0 0.0 2.0 1.0 0.0 0.0 0.0 2.0 1.0 0.0 0.0 0.0 0.0 0.0 0.0 1.0 0.0 0.0 0.0 0.0 0.0
79 8 64 2.0 1.0 4.0 4.0 1.0 1.0 1.0 0.0 5.0 1.0 1.0 3.0 0.0 0.0 0.0 0.0 4.0 3.0 5.0 0.0 5.0 2.0 0.0 0.0 1.0 0.0 4.0 2.0 1.0 1.0 1.0 1.0 3.0 2.0 1.0 1.0 1.0 0.0 0.0 0.0 1.0 1.0 1.0 0.0 0.0 2.0 1.0 0.0 0.0 0.0 2.0 1.0 0.0 0.0 0.0 0.0 0.0 0.0 1.0 0.0 1.0 0.0 0.0 0.0
80 8 64 2.0 1.0 4.0 4.0 1.0 1.0 1.0 0.0 5.0 1.0 1.0 3.0 0.0 0.0 0.0 0.0 4.0 3.0 5.0 0.0 5.0 2.0 0.0 0.0 1.0 0.0 4.0 2.0 1.0 1.0 1.0 1.0 3.0 2.0 1.0 1.0 1.0 0.0 0.0 0.0 1.0 1.0 1.0 0.0 0.0 2.0 1.0 0.0 0.0 0.0 2.0 1.0 0.0 0.0 0.0 1.0 0.0 0.0 1.0 0.0 1.0 0.0 0.0 0.0
81 8 64 2.0 1.0 4.0 4.0 1.0 1.0 1.0 0.0 5.0 1.0 1.0 3.0 0.0 0.0 0.0 0.0 4.0 3.0 5.0 0.0 5.0 2.0 1.0 0.0 1.0 0.0 4.0 2.0 1.0 1.0 1.0 1.0 3.0 2.0 1.0 1.0 1.0 0.0 0.0 0.0 1.0 1.0 1.0 0.0 0.0 2.0 1.0 0.0 0.0 0.0 2.0 1.0 0.0 0.0 0.0 1.0 0.0 0.0 1.0 0.0 1.0 0.0 0.0 0.0
82 9 81 2.0 1.0 4.0 4.0 1.0 1.0 1.0 0.0 0.0 5.0 1.0 1.0 3.0 0.0 0.0 0.0 0.0 0.0 4.0 3.0 5.0 0.0 5.0 2.0 1.0 0.0 0.0 1.0 0.0 4.0 2.0 1.0 1.0 1.0 1.0 0.0 3.0 2.0 1.0 1.0 1.0 0.0 0.0 0.0 0.0 1.0 1.0 1.0 0.0 0.0 2.0 1.0 0.0 0.0 0.0 0.0 2.0 1.0 0.0 0.0 0.0 1.0 0.0 0.0 0.0 1.0 0.0 1.0 0.0 0.0 0.0 0.0 0.0 0.0 1.0 0.0 0.0 0.0 0.0 0.0 0.0
83 9 81 2.0 1.0 4.0 4.0 1.0 1.0 1.0 0.0 1.0 5.0 1.0 1.0 3.0 0.0 0.0 0.0 0.0 0.0 4.0 3.0 5.0 0.0 5.0 2.0 1.0 0.0 0.0 1.0 0.0 4.0 2.0 1.0 1.0 1.0 1.0 0.0 3.0 2.0 1.0 1.0 1.0 0.0 0.0 0.0 0.0 1.0 1.0 1.0 0.0 0.0 2.0 1.0 0.0 0.0 0.0 0.0 2.0 1.0 0.0 0.0 0.0 1.0 0.0 0.0 0.0 1.0 0.0 1.0 0.0 0.0 0.0 0.0 0.0 0.0 1.0 0.0 0.0 0.0 0.0 0.0 0.0
84 10 100 2.0 1.0 4.0 4.0 1.0 1.0 1.0 0.0 1.0 0.0 5.0 1.0 1.0 3.0 0.0 0.0 0.0 0.0 0.0 0.0 4.0 3.0 5.0 0.0 5.0 2.0 1.0 0.0 0.0 0.0 1.0 0.0 4.0 2.0 1.0 1.0 1.0 1.0 0.0 0.0 3.0 2.0 1.0 1.0 1.0 0.0 0.0 0.0 0.0 0.0 1.0 1.0 1.0 0.0 0.0 2.0 1.0 0.0 0.0 0.0 0.0 0.0 2.0 1.0 0.0 0.0 0.0 1.0 0.0 0.0 0.0 0.0 1.0 0.0 1.0 0.0 0.0 0.0 0.0 0.0 0.0 0.0 1.0 0.0 0.0 0.0 0.0 0.0 0.0 0.0 1.0 0.0 0.0 0.0 0.0 0.0 0.0 0.0 0.0 0.0
85 10 100 2.0 1.0 4.0 4.0 1.0 1.0 1.0 0.0 1.0 0.0 5.0 1.0 1.0 3.0 0.0 0.0 0.0 0.0 0.0 0.0 4.0 3.0 5.0 0.0 5.0 2.0 1.0 0.0 0.0 0.0 1.0 0.0 4.0 2.0 1.0 1.0 1.0 1.0 0.0 0.0 3.0 2.0 1.0 1.0 1.0 0.0 0.0 0.0 0.0 0.0 1.0 1.0 1.0 0.0 0.0 2.0 1.0 0.0 0.0 0.0 0.0 0.0 2.0 1.0 0.0 0.0 0.0 1.0 0.0 0.0 0.0 0.0 1.0 0.0 1.0 0.0 0.0 0.0 0.0 0.0 0.0 0.0 1.0 0.0 0.0 0.0 0.0 0.0 0.0 0.0 1.0 0.0 0.0 0.0 0.0 0.0 0.0 0.0 0.0 1.0
86 10 100 2.0 1.0 4.0 4.0 1.0 1.0 1.0 0.0 1.0 1.0 5.0 1.0 1.0 3.0 0.0 0.0 0.0 0.0 0.0 0.0 4.0 3.0 5.0 0.0 5.0 2.0 1.0 0.0 0.0 0.0 1.0 0.0 4.0 2.0 1.0 1.0 1.0 1.0 0.0 0.0 3.0 2.0 1.0 1.0 1.0 0.0 0.0 0.0 0.0 0.0 1.0 1.0 1.0 0.0 0.0 2.0 1.0 0.0 0.0 0.0 0.0 0.0 2.0 1.0 0.0 0.0 0.0 1.0 0.0 0.0 0.0 0.0 1.0 0.0 1.0 0.0 0.0 0.0 0.0 0.0 0.0 0.0 1.0 0.0 0.0 0.0 0.0 0.0 0.0 0.0 1.0 0.0 0.0 0.0 0.0 0.0 0.0 0.0 0.0 1.0
87 10 100 2.0 1.0 4.0 4.0 1.0 1.0 1.0 0.0 1.0 1.0 5.0 1.0 1.0 3.0 0.0 0.0 0.0 0.0 0.0 0.0 4.0 3.0 5.0 0.0 5.0 2.0 1.0 0.0 0.0 0.0 1.0 0.0 4.0 2.0 1.0 1.0 1.0 1.0 0.0 0.0 3.0 2.0 1.0 1.0 1.0 0.0 0.0 0.0 0.0 0.0 1.0 1.0 1.0 0.0 0.0 2.0 1.0 0.0 0.0 0.0 0.0 0.0 2.0 1.0 0.0 0.0 0.0 1.0 0.0 0.0 0.0 0.0 1.0 0.0 1.0 0.0 0.0 0.0 0.0 0.0 1.0 0.0 1.0 0.0 0.0 0.0 0.0 0.0 0.0 0.0 1.0 0.0 0.0 0.0 0.0 0.0 0.0 0.0 0.0 1.0
88 10 100 2.0 1.0 4.0 4.0 1.0 1.0 1.0 0.0 2.0 1.0 5.0 1.0 1.0 3.0 0.0 0.0 0.0 0.0 0.0 0.0 4.0 3.0 5.0 0.0 5.0 2.0 1.0 0.0 0.0 0.0 1.0 0.0 4.0 2.0 1.0 1.0 1.0 1.0 0.0 0.0 3.0 2.0 1.0 1.0 1.0 0.0 0.0 0.0 0.0 0.0 1.0 1.0 1.0 0.0 0.0 2.0 1.0 0.0 0.0 0.0 0.0 0.0 2.0 1.0 0.0 0.0 0.0 1.0 0.0 0.0 0.0 0.0 1.0 0.0 1.0 0.0 0.0 0.0 0.0 0.0 1.0 0.0 1.0 0.0 0.0 0.0 0.0 0.0 0.0 0.0 1.0 0.0 0.0 0.0 0.0 0.0 0.0 0.0 0.0 1.0
89 10 100 3.0 1.0 4.0 4.0 1.0 1.0 1.0 0.0 2.0 1.0 5.0 1.0 1.0 3.0 0.0 0.0 0.0 0.0 0.0 0.0 4.0 3.0 5.0 0.0 5.0 2.0 1.0 0.0 0.0 0.0 1.0 0.0 4.0 2.0 1.0 1.0 1.0 1.0 0.0 0.0 3.0 2.0 1.0 1.0 1.0 0.0 0.0 0.0 0.0 0.0 1.0 1.0 1.0 0.0 0.0 2.0 1.0 0.0 0.0 0.0 0.0 0.0 2.0 1.0 0.0 0.0 0.0 1.0 0.0 0.0 0.0 0.0 1.0 0.0 1.0 0.0 0.0 0.0 0.0 0.0 1.0 0.0 1.0 0.0 0.0 0.0 0.0 0.0 0.0 0.0 1.0 0.0 0.0 0.0 0.0 0.0 0.0 0.0 0.0 1.0
90 11 121 3.0 1.0 4.0 4.0 1.0 1.0 1.0 0.0 2.0 1.0 0.0 5.0 1.0 1.0 3.0 0.0 0.0 0.0 0.0 0.0 0.0 0.0 4.0 3.0 5.0 0.0 5.0 2.0 1.0 0.0 0.0 0.0 0.0 1.0 0.0 4.0 2.0 1.0 1.0 1.0 1.0 0.0 0.0 0.0 3.0 2.0 1.0 1.0 1.0 0.0 0.0 0.0 0.0 0.0 0.0 1.0 1.0 1.0 0.0 0.0 2.0 1.0 0.0 0.0 0.0 0.0 0.0 0.0 2.0 1.0 0.0 0.0 0.0 1.0 0.0 0.0 0.0 0.0 0.0 1.0 0.0 1.0 0.0 0.0 0.0 0.0 0.0 0.0 1.0 0.0 1.0 0.0 0.0 0.0 0.0 0.0 0.0 0.0 0.0 1.0 0.0 0.0 0.0 0.0 0.0 0.0 0.0 0.0 1.0 0.0 1.0 0.0 0.0 0.0 0.0 0.0 0.0 0.0 0.0 0.0 0.0
91 11 121 3.0 1.0 4.0 4.0 1.0 1.0 1.0 0.0 2.0 1.0 0.0 5.0 1.0 1.0 3.0 0.0 0.0 0.0 0.0 0.0 0.0 0.0 4.0 3.0 5.0 0.0 5.0 2.0 1.0 0.0 0.0 0.0 1.0 1.0 0.0 4.0 2.0 1.0 1.0 1.0 1.0 0.0 0.0 0.0 3.0 2.0 1.0 1.0 1.0 0.0 0.0 0.0 0.0 0.0 0.0 1.0 1.0 1.0 0.0 0.0 2.0 1.0 0.0 0.0 0.0 0.0 0.0 0.0 2.0 1.0 0.0 0.0 0.0 1.0 0.0 0.0 0.0 0.0 0.0 1.0 0.0 1.0 0.0 0.0 0.0 0.0 0.0 0.0 1.0 0.0 1.0 0.0 0.0 0.0 0.0 0.0 0.0 0.0 0.0 1.0 0.0 0.0 0.0 0.0 0.0 0.0 0.0 0.0 1.0 0.0 1.0 0.0 0.0 0.0 0.0 0.0 0.0 0.0 0.0 0.0 0.0
92 11 121 3.0 1.0 4.0 4.0 1.0 1.0 1.0 0.0 2.0 1.0 0.0 5.0 1.0 1.0 3.0 0.0 0.0 0.0 0.0 0.0 0.0 0.0 4.0 3.0 5.0 0.0 5.0 2.0 1.0 0.0 0.0 0.0 1.0 1.0 0.0 4.0 2.0 1.0 1.0 1.0 1.0 0.0 0.0 0.0 3.0 2.0 1.0 1.0 1.0 0.0 0.0 0.0 0.0 0.0 0.0 1.0 1.0 1.0 0.0 0.0 2.0 1.0 0.0 0.0 0.0 0.0 0.0 0.0 2.0 1.0 0.0 0.0 0.0 1.0 0.0 0.0 0.0 0.0 0.0 2.0 0.0 1.0 0.0 0.0 0.0 0.0 0.0 0.0 1.0 0.0 1.0 0.0 0.0 0.0 0.0 0.0 0.0 0.0 0.0 1.0 0.0 0.0 0.0 0.0 0.0 0.0 0.0 0.0 1.0 0.0 1.0 0.0 0.0 0.0 0.0 0.0 0.0 0.0 0.0 0.0 0.0
93 11 121 3.0 1.0 4.0 4.0 1.0 1.0 1.0 0.0 2.0 1.0 0.0 5.0 1.0 1.0 3.0 0.0 0.0 0.0 0.0 0.0 0.0 0.0 4.0 3.0 5.0 0.0 5.0 2.0 1.0 0.0 0.0 0.0 1.0 1.0 0.0 4.0 2.0 1.0 1.0 1.0 1.0 0.0 0.0 0.0 3.0 2.0 1.0 1.0 1.0 0.0 0.0 0.0 0.0 0.0 0.0 1.0 1.0 1.0 0.0 0.0 2.0 1.0 0.0 0.0 0.0 0.0 0.0 0.0 2.0 1.0 0.0 0.0 0.0 1.0 0.0 0.0 0.0 0.0 0.0 2.0 0.0 1.0 0.0 0.0 0.0 0.0 0.0 0.0 1.0 0.0 1.0 0.0 0.0 0.0 0.0 0.0 0.0 0.0 0.0 1.0 0.0 0.0 0.0 0.0 0.0 0.0 0.0 0.0 1.0 0.0 1.0 0.0 0.0 0.0 0.0 0.0 0.0 1.0 0.0 0.0 0.0
94 11 121 3.0 1.0 4.0 4.0 1.0 1.0 1.0 0.0 2.0 1.0 0.0 5.0 1.0 1.0 3.0 0.0 0.0 0.0 0.0 0.0 0.0 0.0 4.0 3.0 5.0 0.0 5.0 2.0 1.0 0.0 0.0 0.0 1.0 1.0 0.0 4.0 2.0 1.0 1.0 1.0 1.0 0.0 0.0 0.0 3.0 2.0 1.0 1.0 1.0 0.0 0.0 0.0 0.0 0.0 1.0 1.0 1.0 1.0 0.0 0.0 2.0 1.0 0.0 0.0 0.0 0.0 0.0 0.0 2.0 1.0 0.0 0.0 0.0 1.0 0.0 0.0 0.0 0.0 0.0 2.0 0.0 1.0 0.0 0.0 0.0 0.0 0.0 0.0 1.0 0.0 1.0 0.0 0.0 0.0 0.0 0.0 0.0 0.0 0.0 1.0 0.0 0.0 0.0 0.0 0.0 0.0 0.0 0.0 1.0 0.0 1.0 0.0 0.0 0.0 0.0 0.0 0.0 1.0 0.0 0.0 0.0
95 11 121 3.0 1.0 4.0 4.0 1.0 1.0 1.0 0.0 2.0 1.0 0.0 5.0 1.0 1.0 3.0 1.0 0.0 0.0 0.0 0.0 0.0 0.0 4.0 3.0 5.0 0.0 5.0 2.0 1.0 0.0 0.0 0.0 1.0 1.0 0.0 4.0 2.0 1.0 1.0 1.0 1.0 0.0 0.0 0.0 3.0 2.0 1.0 1.0 1.0 0.0 0.0 0.0 0.0 0.0 1.0 1.0 1.0 1.0 0.0 0.0 2.0 1.0 0.0 0.0 0.0 0.0 0.0 0.0 2.0 1.0 0.0 0.0 0.0 1.0 0.0 0.0 0.0 0.0 0.0 2.0 0.0 1.0 0.0 0.0 0.0 0.0 0.0 0.0 1.0 0.0 1.0 0.0 0.0 0.0 0.0 0.0 0.0 0.0 0.0 1.0 0.0 0.0 0.0 0.0 0.0 0.0 0.0 0.0 1.0 0.0 1.0 0.0 0.0 0.0 0.0 0.0 0.0 1.0 0.0 0.0 0.0
96 11 121 3.0 1.0 4.0 4.0 1.0 1.0 1.0 0.0 2.0 1.0 0.0 5.0 1.0 1.0 3.0 1.0 0.0 0.0 0.0 0.0 0.0 0.0 4.0 3.0 5.0 0.0 5.0 2.0 1.0 0.0 0.0 0.0 1.0 1.0 1.0 4.0 2.0 1.0 1.0 1.0 1.0 0.0 0.0 0.0 3.0 2.0 1.0 1.0 1.0 0.0 0.0 0.0 0.0 0.0 1.0 1.0 1.0 1.0 0.0 0.0 2.0 1.0 0.0 0.0 0.0 0.0 0.0 0.0 2.0 1.0 0.0 0.0 0.0 1.0 0.0 0.0 0.0 0.0 0.0 2.0 0.0 1.0 0.0 0.0 0.0 0.0 0.0 0.0 1.0 0.0 1.0 0.0 0.0 0.0 0.0 0.0 0.0 0.0 0.0 1.0 0.0 0.0 0.0 0.0 0.0 0.0 0.0 0.0 1.0 0.0 1.0 0.0 0.0 0.0 0.0 0.0 0.0 1.0 0.0 0.0 0.0
97 11 121 3.0 1.0 4.0 4.0 1.0 1.0 1.0 0.0 2.0 1.0 0.0 5.0 1.0 1.0 3.0 1.0 0.0 0.0 0.0 0.0 0.0 0.0 4.0 3.0 5.0 0.0 5.0 2.0 1.0 0.0 0.0 0.0 1.0 1.0 1.0 4.0 2.0 1.0 1.0 1.0 1.0 0.0 0.0 0.0 3.0 2.0 1.0 1.0 1.0 0.0 0.0 0.0 0.0 0.0 1.0 1.0 1.0 1.0 0.0 0.0 2.0 1.0 0.0 0.0 0.0 0.0 0.0 0.0 2.0 2.0 0.0 0.0 0.0 1.0 0.0 0.0 0.0 0.0 0.0 2.0 0.0 1.0 0.0 0.0 0.0 0.0 0.0 0.0 1.0 0.0 1.0 0.0 0.0 0.0 0.0 0.0 0.0 0.0 0.0 1.0 0.0 0.0 0.0 0.0 0.0 0.0 0.0 0.0 1.0 0.0 1.0 0.0 0.0 0.0 0.0 0.0 0.0 1.0 0.0 0.0 0.0
98 11 121 3.0 1.0 4.0 4.0 1.0 1.0 1.0 0.0 2.0 1.0 0.0 5.0 1.0 1.0 3.0 1.0 0.0 0.0 0.0 0.0 0.0 0.0 4.0 3.0 5.0 0.0 5.0 2.0 2.0 0.0 0.0 0.0 1.0 1.0 1.0 4.0 2.0 1.0 1.0 1.0 1.0 0.0 0.0 0.0 3.0 2.0 1.0 1.0 1.0 0.0 0.0 0.0 0.0 0.0 1.0 1.0 1.0 1.0 0.0 0.0 2.0 1.0 0.0 0.0 0.0 0.0 0.0 0.0 2.0 2.0 0.0 0.0 0.0 1.0 0.0 0.0 0.0 0.0 0.0 2.0 0.0 1.0 0.0 0.0 0.0 0.0 0.0 0.0 1.0 0.0 1.0 0.0 0.0 0.0 0.0 0.0 0.0 0.0 0.0 1.0 0.0 0.0 0.0 0.0 0.0 0.0 0.0 0.0 1.0 0.0 1.0 0.0 0.0 0.0 0.0 0.0 0.0 1.0 0.0 0.0 0.0
99 11 121 3.0 1.0 4.0 4.0 1.0 1.0 1.0 0.0 2.0 1.0 0.0 5.0 1.0 2.0 3.0 1.0 0.0 0.0 0.0 0.0 0.0 0.0 4.0 3.0 5.0 0.0 5.0 2.0 2.0 0.0 0.0 0.0 1.0 1.0 1.0 4.0 2.0 1.0 1.0 1.0 1.0 0.0 0.0 0.0 3.0 2.0 1.0 1.0 1.0 0.0 0.0 0.0 0.0 0.0 1.0 1.0 1.0 1.0 0.0 0.0 2.0 1.0 0.0 0.0 0.0 0.0 0.0 0.0 2.0 2.0 0.0 0.0 0.0 1.0 0.0 0.0 0.0 0.0 0.0 2.0 0.0 1.0 0.0 0.0 0.0 0.0 0.0 0.0 1.0 0.0 1.0 0.0 0.0 0.0 0.0 0.0 0.0 0.0 0.0 1.0 0.0 0.0 0.0 0.0 0.0 0.0 0.0 0.0 1.0 0.0 1.0 0.0 0.0 0.0 0.0 0.0 0.0 1.0 0.0 0.0 0.0
