100
0 1 1 0.0
1 2 4 0.0 0.0 4.0 0.0
2 2 4 0.0 0.0 7.0 4.0
3 2 4 0.0 0.0 9.0 11.0
4 2 4 1.0 9.0 9.0 11.0
5 2 4 1.0 9.0 13.0 17.0
6 2 4 1.0 9.0 16.0 24.0
7 2 4 1.0 9.0 18.0 32.0
8 3 9 1.0 9.0 0.0 18.0 32.0 0.0 1.0 9.0 0.0
9 3 9 1.0 15.0 4.0 18.0 32.0 0.0 1.0 9.0 0.0
10 3 9 1.0 15.0 4.0 22.0 35.0 3.0 1.0 9.0 0.0
11 3 9 1.0 15.0 4.0 22.0 35.0 3.0 4.0 14.0 2.0
12 3 9 1.0 15.0 4.0 22.0 35.0 3.0 6.0 17.0 7.0
13 3 9 1.0 15.0 4.0 22.0 35.0 3.0 7.0 19.0 14.0
14 3 9 1.0 15.0 4.0 22.0 35.0 3.0 7.0 19.0 14.0
15 3 9 1.0 15.0 4.0 22.0 35.0 3.0 7.0 19.0 14.0
16 3 9 5.0 15.0 4.0 22.0 35.0 3.0 7.0 19.0 14.0
17 4 16 5.0 15.0 4.0 0.0 22.0 35.0 3.0 0.0 7.0 19.0 14.0 0.0 7.0 0.0 0.0 0.0
18 4 16 5.0 15.0 4.0 0.0 22.0 35.0 3.0 0.0 12.0 19.0 14.0 4.0 7.0 0.0 0.0 0.0
19 4 16 5.0 15.0 4.0 0.0 22.0 35.0 3.0 0.0 12.0 19.0 14.0 4.0 7.0 0.0 0.0 0.0
20 4 16 5.0 15.0 4.0 0.0 22.0 35.0 3.0 0.0 12.0 19.0 14.0 4.0 7.0 0.0 0.0 0.0
21 4 16 5.0 15.0 4.0 0.0 22.0 35.0 3.0 0.0 12.0 19.0 14.0 4.0 11.0 0.0 0.0 0.0
22 4 16 5.0 15.0 4.0 0.0 25.0 35.0 3.0 4.0 12.0 19.0 14.0 4.0 11.0 0.0 0.0 0.0
23 4 16 5.0 15.0 4.0 0.0 25.0 35.0 3.0 4.0 12.0 19.0 14.0 4.0 13.0 4.0 0.0 3.0
24 5 25 5.0 15.0 4.0 0.0 0.0 25.0 35.0 3.0 4.0 0.0 12.0 19.0 14.0 4.0 0.0 13.0 4.0 0.0 3.0 0.0 1.0 3.0 0.0 6.0 0.0
25 5 25 5.0 15.0 4.0 0.0 0.0 25.0 37.0 3.0 8.0 4.0 12.0 19.0 14.0 4.0 0.0 13.0 4.0 0.0 3.0 0.0 1.0 3.0 0.0 6.0 0.0
26 5 25 5.0 15.0 4.0 0.0 0.0 25.0 37.0 3.0 8.0 4.0 12.0 24.0 14.0 6.0 3.0 13.0 4.0 0.0 3.0 0.0 1.0 3.0 0.0 6.0 0.0
27 5 25 5.0 15.0 4.0 0.0 0.0 25.0 37.0 3.0 8.0 4.0 12.0 24.0 14.0 6.0 3.0 13.0 7.0 4.0 4.0 2.0 1.0 3.0 0.0 6.0 0.0
28 5 25 5.0 15.0 4.0 0.0 0.0 25.0 37.0 3.0 8.0 4.0 12.0 24.0 14.0 6.0 3.0 13.0 7.0 4.0 4.0 2.0 1.0 3.0 0.0 6.0 0.0
29 5 25 5.0 15.0 4.0 0.0 0.0 25.0 37.0 3.0 8.0 4.0 12.0 24.0 14.0 6.0 3.0 13.0 7.0 4.0 4.0 2.0 1.0 3.0 0.0 6.0 0.0
30 5 25 5.0 15.0 4.0 0.0 0.0 25.0 37.0 3.0 8.0 4.0 12.0 24.0 14.0 6.0 3.0 13.0 7.0 4.0 4.0 2.0 1.0 3.0 0.0 6.0 0.0
31 5 25 5.0 15.0 4.0 0.0 0.0 25.0 37.0 3.0 8.0 4.0 12.0 24.0 14.0 6.0 3.0 13.0 7.0 4.0 4.0 2.0 1.0 3.0 0.0 6.0 0.0
32 5 25 5.0 15.0 4.0 0.0 0.0 25.0 37.0 3.0 8.0 4.0 16.0 24.0 14.0 6.0 3.0 13.0 7.0 4.0 4.0 2.0 1.0 3.0 0.0 6.0 0.0
33 5 25 5.0 15.0 4.0 0.0 0.0 25.0 37.0 3.0 8.0 4.0 16.0 24.0 14.0 6.0 3.0 13.0 7.0 4.0 4.0 2.0 1.0 3.0 0.0 6.0 0.0
34 5 25 5.0 15.0 4.0 0.0 0.0 25.0 37.0 3.0 8.0 4.0 16.0 24.0 14.0 6.0 3.0 13.0 7.0 4.0 4.0 2.0 1.0 3.0 0.0 6.0 0.0
35 5 25 5.0 15.0 4.0 0.0 0.0 25.0 37.0 3.0 8.0 4.0 16.0 24.0 14.0 6.0 3.0 17.0 7.0 4.0 4.0 2.0 1.0 3.0 0.0 6.0 0.0
36 5 25 5.0 15.0 4.0 0.0 0.0 25.0 37.0 3.0 8.0 4.0 16.0 24.0 14.0 6.0 3.0 20.0 7.0 4.0 8.0 2.0 1.0 3.0 0.0 6.0 0.0
37 5 25 5.0 15.0 4.0 0.0 0.0 25.0 37.0 3.0 8.0 4.0 16.0 24.0 14.0 6.0 3.0 22.0 7.0 4.0 15.0 2.0 1.0 3.0 0.0 6.0 0.0
38 5 25 5.0 15.0 4.0 0.0 0.0 26.0 37.0 3.0 17.0 4.0 16.0 24.0 14.0 6.0 3.0 22.0 7.0 4.0 15.0 2.0 1.0 3.0 0.0 6.0 0.0
39 5 25 5.0 15.0 4.0 0.0 0.0 26.0 37.0 3.0 17.0 4.0 16.0 24.0 14.0 6.0 3.0 22.0 7.0 4.0 15.0 2.0 1.0 7.0 0.0 12.0 0.0
40 5 25 5.0 15.0 4.0 0.0 0.0 26.0 37.0 3.0 17.0 4.0 16.0 24.0 14.0 6.0 3.0 22.0 10.0 4.0 18.0 6.0 1.0 7.0 0.0 12.0 0.0
41 5 25 5.0 17.0 4.0 5.0 3.0 26.0 37.0 3.0 17.0 4.0 16.0 24.0 14.0 6.0 3.0 22.0 10.0 4.0 18.0 6.0 1.0 7.0 0.0 12.0 0.0
42 5 25 5.0 17.0 4.0 5.0 3.0 26.0 37.0 3.0 17.0 4.0 16.0 24.0 14.0 6.0 3.0 26.0 11.0 4.0 21.0 8.0 1.0 7.0 0.0 12.0 0.0
43 5 25 5.0 17.0 4.0 5.0 3.0 26.0 37.0 3.0 17.0 4.0 16.0 24.0 14.0 6.0 3.0 26.0 11.0 4.0 21.0 8.0 4.0 7.0 0.0 18.0 1.0
44 5 25 5.0 17.0 4.0 5.0 3.0 28.0 37.0 3.0 21.0 8.0 16.0 24.0 14.0 6.0 3.0 26.0 11.0 4.0 21.0 8.0 4.0 7.0 0.0 18.0 1.0
45 6 36 5.0 17.0 4.0 5.0 3.0 0.0 28.0 37.0 3.0 21.0 8.0 0.0 16.0 24.0 14.0 6.0 3.0 0.0 26.0 11.0 4.0 21.0 8.0 0.0 4.0 7.0 0.0 18.0 1.0 0.0 1.0 4.0 0.0 2.0 3.0 0.0
46 6 36 5.0 17.0 4.0 5.0 3.0 0.0 28.0 37.0 3.0 21.0 8.0 0.0 16.0 24.0 14.0 6.0 3.0 0.0 26.0 11.0 4.0 21.0 8.0 0.0 4.0 7.0 0.0 18.0 1.0 0.0 1.0 4.0 0.0 2.0 3.0 0.0
47 6 36 5.0 17.0 4.0 5.0 3.0 0.0 28.0 37.0 3.0 21.0 8.0 0.0 16.0 24.0 14.0 6.0 3.0 0.0 26.0 11.0 4.0 21.0 8.0 0.0 4.0 7.0 0.0 18.0 1.0 0.0 1.0 4.0 0.0 2.0 3.0 0.0
48 6 36 5.0 17.0 4.0 5.0 3.0 0.0 28.0 37.0 3.0 21.0 8.0 0.0 16.0 24.0 14.0 6.0 3.0 0.0 26.0 11.0 4.0 21.0 8.0 0.0 4.0 7.0 0.0 18.0 5.0 0.0 1.0 4.0 0.0 2.0 3.0 0.0
49 6 36 5.0 17.0 4.0 5.0 3.0 0.0 28.0 37.0 3.0 21.0 8.0 0.0 16.0 24.0 14.0 6.0 3.0 0.0 26.0 11.0 4.0 21.0 15.0 0.0 4.0 7.0 0.0 18.0 5.0 0.0 1.0 4.0 0.0 2.0 3.0 0.0
50 6 36 5.0 17.0 4.0 9.0 8.0 0.0 28.0 37.0 3.0 21.0 8.0 0.0 16.0 24.0 14.0 6.0 3.0 0.0 26.0 11.0 4.0 21.0 15.0 0.0 4.0 7.0 0.0 18.0 5.0 0.0 1.0 4.0 0.0 2.0 3.0 0.0
51 6 36 5.0 17.0 4.0 9.0 8.0 0.0 28.0 37.0 3.0 21.0 8.0 0.0 16.0 24.0 14.0 6.0 3.0 0.0 26.0 11.0 4.0 21.0 15.0 0.0 8.0 7.0 0.0 21.0 8.0 0.0 1.0 4.0 0.0 2.0 3.0 0.0
52 7 49 5.0 17.0 4.0 9.0 8.0 0.0 0.0 28.0 37.0 3.0 21.0 8.0 0.0 0.0 16.0 24.0 14.0 6.0 3.0 0.0 0.0 26.0 11.0 4.0 21.0 15.0 0.0 0.0 8.0 7.0 0.0 21.0 8.0 0.0 0.0 1.0 4.0 0.0 2.0 3.0 0.0 0.0 3.0 0.0 0.0 2.0 5.0 0.0 0.0
53 7 49 7.0 17.0 4.0 10.0 11.0 0.0 4.0 28.0 37.0 3.0 21.0 8.0 0.0 0.0 16.0 24.0 14.0 6.0 3.0 0.0 0.0 26.0 11.0 4.0 21.0 15.0 0.0 0.0 8.0 7.0 0.0 21.0 8.0 0.0 0.0 1.0 4.0 0.0 2.0 3.0 0.0 0.0 3.0 0.0 0.0 2.0 5.0 0.0 0.0
54 7 49 7.0 17.0 4.0 10.0 11.0 0.0 4.0 28.0 37.0 3.0 21.0 8.0 0.0 0.0 16.0 24.0 14.0 6.0 3.0 0.0 0.0 26.0 11.0 4.0 21.0 15.0 0.0 0.0 13.0 7.0 0.0 21.0 10.0 0.0 3.0 1.0 4.0 0.0 2.0 3.0 0.0 0.0 3.0 0.0 0.0 2.0 5.0 0.0 0.0
55 7 49 7.0 17.0 4.0 10.0 11.0 0.0 4.0 28.0 37.0 3.0 21.0 8.0 0.0 0.0 16.0 24.0 14.0 6.0 3.0 0.0 0.0 26.0 11.0 4.0 21.0 15.0 0.0 0.0 13.0 7.0 0.0 21.0 10.0 0.0 3.0 1.0 4.0 0.0 2.0 3.0 0.0 0.0 3.0 0.0 0.0 2.0 5.0 0.0 0.0
56 7 49 7.0 17.0 4.0 10.0 11.0 0.0 4.0 28.0 37.0 3.0 21.0 8.0 0.0 0.0 16.0 24.0 14.0 6.0 3.0 0.0 0.0 26.0 11.0 4.0 21.0 15.0 0.0 0.0 13.0 7.0 0.0 21.0 10.0 0.0 3.0 1.0 4.0 0.0 2.0 3.0 0.0 0.0 3.0 0.0 0.0 2.0 5.0 0.0 0.0
57 7 49 7.0 17.0 4.0 10.0 11.0 0.0 4.0 28.0 37.0 3.0 21.0 8.0 0.0 0.0 16.0 24.0 14.0 6.0 3.0 0.0 0.0 26.0 11.0 4.0 21.0 15.0 0.0 0.0 13.0 7.0 0.0 21.0 10.0 0.0 3.0 1.0 4.0 0.0 2.0 3.0 0.0 0.0 3.0 0.0 0.0 6.0 5.0 0.0 0.0
58 8 64 7.0 17.0 4.0 10.0 11.0 0.0 4.0 0.0 28.0 37.0 3.0 21.0 8.0 0.0 0.0 0.0 16.0 24.0 14.0 6.0 3.0 0.0 0.0 0.0 26.0 11.0 4.0 21.0 15.0 0.0 0.0 0.0 13.0 7.0 0.0 21.0 10.0 0.0 3.0 0.0 1.0 4.0 0.0 2.0 3.0 0.0 0.0 0.0 3.0 0.0 0.0 6.0 5.0 0.0 0.0 0.0 0.0 0.0 0.0 3.0 0.0 0.0 4.0 0.0
59 8 64 7.0 17.0 4.0 10.0 11.0 0.0 4.0 0.0 28.0 37.0 3.0 21.0 8.0 0.0 0.0 0.0 16.0 24.0 14.0 6.0 3.0 0.0 0.0 0.0 26.0 11.0 4.0 21.0 15.0 0.0 0.0 0.0 13.0 7.0 0.0 21.0 10.0 0.0 3.0 0.0 1.0 4.0 0.0 2.0 3.0 0.0 0.0 0.0 3.0 0.0 0.0 6.0 5.0 0.0 0.0 0.0 0.0 0.0 0.0 5.0 0.0 0.0 7.0 4.0
60 8 64 7.0 17.0 4.0 10.0 11.0 0.0 4.0 0.0 28.0 37.0 3.0 21.0 8.0 0.0 0.0 0.0 16.0 24.0 14.0 6.0 3.0 0.0 0.0 0.0 26.0 11.0 4.0 21.0 15.0 0.0 0.0 0.0 13.0 7.0 0.0 21.0 10.0 0.0 3.0 0.0 1.0 4.0 0.0 2.0 3.0 0.0 0.0 0.0 3.0 0.0 0.0 6.0 5.0 0.0 0.0 0.0 0.0 0.0 0.0 6.0 0.0 0.0 9.0 11.0
61 8 64 7.0 17.0 4.0 10.0 11.0 0.0 5.0 9.0 28.0 37.0 3.0 21.0 8.0 0.0 0.0 0.0 16.0 24.0 14.0 6.0 3.0 0.0 0.0 0.0 26.0 11.0 4.0 21.0 15.0 0.0 0.0 0.0 13.0 7.0 0.0 21.0 10.0 0.0 3.0 0.0 1.0 4.0 0.0 2.0 3.0 0.0 0.0 0.0 3.0 0.0 0.0 6.0 5.0 0.0 0.0 0.0 0.0 0.0 0.0 6.0 0.0 0.0 9.0 11.0
62 8 64 7.0 17.0 4.0 10.0 11.0 0.0 5.0 9.0 28.0 37.0 3.0 21.0 8.0 0.0 0.0 0.0 16.0 24.0 14.0 6.0 3.0 0.0 0.0 0.0 26.0 11.0 4.0 21.0 15.0 0.0 0.0 0.0 13.0 7.0 0.0 21.0 10.0 0.0 3.0 0.0 5.0 4.0 0.0 2.0 3.0 0.0 0.0 6.0 3.0 0.0 0.0 6.0 5.0 0.0 0.0 0.0 0.0 0.0 0.0 6.0 0.0 0.0 9.0 11.0
63 8 64 7.0 17.0 4.0 10.0 11.0 0.0 5.0 9.0 28.0 37.0 3.0 21.0 8.0 0.0 0.0 0.0 16.0 24.0 14.0 6.0 3.0 0.0 0.0 0.0 26.0 11.0 4.0 21.0 15.0 0.0 0.0 0.0 13.0 7.0 0.0 21.0 10.0 0.0 3.0 0.0 8.0 4.0 0.0 2.0 3.0 4.0 0.0 9.0 3.0 0.0 0.0 6.0 5.0 0.0 0.0 0.0 0.0 0.0 0.0 6.0 0.0 0.0 9.0 11.0
64 8 64 9.0 17.0 4.0 10.0 11.0 7.0 5.0 10.0 28.0 37.0 3.0 21.0 8.0 0.0 0.0 0.0 16.0 24.0 14.0 6.0 3.0 0.0 0.0 0.0 26.0 11.0 4.0 21.0 15.0 0.0 0.0 0.0 13.0 7.0 0.0 21.0 10.0 0.0 3.0 0.0 8.0 4.0 0.0 2.0 3.0 4.0 0.0 9.0 3.0 0.0 0.0 6.0 5.0 0.0 0.0 0.0 0.0 0.0 0.0 6.0 0.0 0.0 9.0 11.0
65 8 64 14.0 17.0 4.0 10.0 11.0 12.0 5.0 10.0 28.0 37.0 3.0 21.0 8.0 0.0 0.0 0.0 16.0 24.0 14.0 6.0 3.0 0.0 0.0 0.0 26.0 11.0 4.0 21.0 15.0 0.0 0.0 0.0 13.0 7.0 0.0 21.0 10.0 0.0 3.0 0.0 8.0 4.0 0.0 2.0 3.0 4.0 0.0 9.0 3.0 0.0 0.0 6.0 5.0 0.0 0.0 0.0 0.0 0.0 0.0 6.0 0.0 0.0 9.0 11.0
66 8 64 21.0 17.0 4.0 10.0 11.0 15.0 5.0 10.0 28.0 37.0 3.0 21.0 8.0 0.0 0.0 0.0 16.0 24.0 14.0 6.0 3.0 0.0 0.0 0.0 26.0 11.0 4.0 21.0 15.0 0.0 0.0 0.0 13.0 7.0 0.0 21.0 10.0 0.0 3.0 0.0 8.0 4.0 0.0 2.0 3.0 4.0 0.0 9.0 3.0 0.0 0.0 6.0 5.0 0.0 0.0 0.0 0.0 0.0 0.0 6.0 0.0 0.0 9.0 11.0
67 9 81 21.0 17.0 4.0 10.0 11.0 15.0 5.0 10.0 0.0 28.0 37.0 3.0 21.0 8.0 0.0 0.0 0.0 0.0 16.0 24.0 14.0 6.0 3.0 0.0 0.0 0.0 0.0 26.0 11.0 4.0 21.0 15.0 0.0 0.0 0.0 0.0 13.0 7.0 0.0 21.0 10.0 0.0 3.0 0.0 0.0 8.0 4.0 0.0 2.0 3.0 4.0 0.0 9.0 0.0 3.0 0.0 0.0 6.0 5.0 0.0 0.0 0.0 0.0 0.0 0.0 0.0 6.0 0.0 0.0 9.0 11.0 0.0 9.0 0.0 0.0 0.0 0.0 1.0 0.0 0.0 0.0
68 9 81 27.0 17.0 4.0 10.0 11.0 15.0 5.0 10.0 4.0 28.0 37.0 3.0 21.0 8.0 0.0 0.0 0.0 0.0 16.0 24.0 14.0 6.0 3.0 0.0 0.0 0.0 0.0 26.0 11.0 4.0 21.0 15.0 0.0 0.0 0.0 0.0 13.0 7.0 0.0 21.0 10.0 0.0 3.0 0.0 0.0 8.0 4.0 0.0 2.0 3.0 4.0 0.0 9.0 0.0 3.0 0.0 0.0 6.0 5.0 0.0 0.0 0.0 0.0 0.0 0.0 0.0 6.0 0.0 0.0 9.0 11.0 0.0 9.0 0.0 0.0 0.0 0.0 1.0 0.0 0.0 0.0
69 9 81 27.0 17.0 4.0 10.0 11.0 15.0 5.0 10.0 4.0 35.0 37.0 3.0 21.0 8.0 0.0 0.0 0.0 3.0 16.0 24.0 14.0 6.0 3.0 0.0 0.0 0.0 0.0 26.0 11.0 4.0 21.0 15.0 0.0 0.0 0.0 0.0 13.0 7.0 0.0 21.0 10.0 0.0 3.0 0.0 0.0 8.0 4.0 0.0 2.0 3.0 4.0 0.0 9.0 0.0 3.0 0.0 0.0 6.0 5.0 0.0 0.0 0.0 0.0 0.0 0.0 0.0 6.0 0.0 0.0 9.0 11.0 0.0 9.0 0.0 0.0 0.0 0.0 1.0 0.0 0.0 0.0
70 9 81 27.0 17.0 4.0 10.0 11.0 15.0 5.0 10.0 4.0 35.0 37.0 3.0 21.0 8.0 0.0 0.0 0.0 3.0 16.0 24.0 14.0 6.0 3.0 0.0 0.0 0.0 0.0 26.0 11.0 4.0 21.0 15.0 0.0 0.0 0.0 0.0 13.0 7.0 0.0 21.0 10.0 0.0 3.0 0.0 0.0 8.0 4.0 0.0 2.0 3.0 4.0 0.0 9.0 0.0 7.0 4.0 0.0 6.0 5.0 0.0 0.0 0.0 2.0 0.0 0.0 0.0 6.0 0.0 0.0 9.0 11.0 0.0 9.0 0.0 0.0 0.0 0.0 1.0 0.0 0.0 0.0
71 9 81 27.0 17.0 4.0 10.0 11.0 15.0 5.0 10.0 4.0 37.0 40.0 3.0 21.0 8.0 0.0 4.0 0.0 4.0 16.0 24.0 14.0 6.0 3.0 0.0 0.0 0.0 0.0 26.0 11.0 4.0 21.0 15.0 0.0 0.0 0.0 0.0 13.0 7.0 0.0 21.0 10.0 0.0 3.0 0.0 0.0 8.0 4.0 0.0 2.0 3.0 4.0 0.0 9.0 0.0 7.0 4.0 0.0 6.0 5.0 0.0 0.0 0.0 2.0 0.0 0.0 0.0 6.0 0.0 0.0 9.0 11.0 0.0 9.0 0.0 0.0 0.0 0.0 1.0 0.0 0.0 0.0
72 9 81 27.0 17.0 4.0 10.0 11.0 15.0 5.0 10.0 4.0 37.0 40.0 3.0 21.0 8.0 0.0 4.0 0.0 4.0 16.0 24.0 14.0 6.0 3.0 0.0 0.0 0.0 0.0 27.0 17.0 4.0 21.0 15.0 0.0 3.0 0.0 0.0 13.0 7.0 0.0 21.0 10.0 0.0 3.0 0.0 0.0 8.0 4.0 0.0 2.0 3.0 4.0 0.0 9.0 0.0 7.0 4.0 0.0 6.0 5.0 0.0 0.0 0.0 2.0 0.0 0.0 0.0 6.0 0.0 0.0 9.0 11.0 0.0 9.0 0.0 0.0 0.0 0.0 1.0 0.0 0.0 0.0
73 10 100 27.0 17.0 4.0 10.0 11.0 15.0 5.0 10.0 4.0 0.0 37.0 40.0 3.0 21.0 8.0 0.0 4.0 0.0 4.0 0.0 16.0 24.0 14.0 6.0 3.0 0.0 0.0 0.0 0.0 0.0 27.0 17.0 4.0 21.0 15.0 0.0 3.0 0.0 0.0 0.0 13.0 7.0 0.0 21.0 10.0 0.0 3.0 0.0 0.0 0.0 8.0 4.0 0.0 2.0 3.0 4.0 0.0 9.0 0.0 0.0 7.0 4.0 0.0 6.0 5.0 0.0 0.0 0.0 2.0 0.0 0.0 0.0 0.0 6.0 0.0 0.0 9.0 11.0 0.0 0.0 9.0 0.0 0.0 0.0 0.0 1.0 0.0 0.0 0.0 0.0 0.0 4.0 0.0 4.0 0.0 0.0 2.0 0.0 0.0 0.0
74 10 100 27.0 17.0 4.0 10.0 11.0 15.0 5.0 10.0 4.0 0.0 37.0 42.0 3.0 24.0 8.0 0.0 5.0 0.0 4.0 4.0 16.0 24.0 14.0 6.0 3.0 0.0 0.0 0.0 0.0 0.0 27.0 17.0 4.0 21.0 15.0 0.0 3.0 0.0 0.0 0.0 13.0 7.0 0.0 21.0 10.0 0.0 3.0 0.0 0.0 0.0 8.0 4.0 0.0 2.0 3.0 4.0 0.0 9.0 0.0 0.0 7.0 4.0 0.0 6.0 5.0 0.0 0.0 0.0 2.0 0.0 0.0 0.0 0.0 6.0 0.0 0.0 9.0 11.0 0.0 0.0 9.0 0.0 0.0 0.0 0.0 1.0 0.0 0.0 0.0 0.0 0.0 4.0 0.0 4.0 0.0 0.0 2.0 0.0 0.0 0.0
75 10 100 27.0 17.0 4.0 10.0 11.0 15.0 5.0 10.0 4.0 0.0 37.0 47.0 3.0 26.0 8.0 0.0 5.0 0.0 4.0 7.0 16.0 24.0 14.0 6.0 3.0 0.0 0.0 0.0 0.0 0.0 27.0 17.0 4.0 21.0 15.0 0.0 3.0 0.0 0.0 0.0 13.0 7.0 0.0 21.0 10.0 0.0 3.0 0.0 0.0 0.0 8.0 4.0 0.0 2.0 3.0 4.0 0.0 9.0 0.0 0.0 7.0 4.0 0.0 6.0 5.0 0.0 0.0 0.0 2.0 0.0 0.0 0.0 0.0 6.0 0.0 0.0 9.0 11.0 0.0 0.0 9.0 0.0 0.0 0.0 0.0 1.0 0.0 0.0 0.0 0.0 0.0 4.0 0.0 4.0 0.0 0.0 2.0 0.0 0.0 0.0
76 10 100 27.0 17.0 4.0 10.0 11.0 15.0 5.0 10.0 4.0 0.0 37.0 47.0 3.0 26.0 8.0 0.0 5.0 0.0 4.0 7.0 16.0 24.0 14.0 6.0 3.0 0.0 0.0 0.0 0.0 0.0 27.0 24.0 4.0 22.0 15.0 0.0 3.0 0.0 0.0 2.0 13.0 7.0 0.0 21.0 10.0 0.0 3.0 0.0 0.0 0.0 8.0 4.0 0.0 2.0 3.0 4.0 0.0 9.0 0.0 0.0 7.0 4.0 0.0 6.0 5.0 0.0 0.0 0.0 2.0 0.0 0.0 0.0 0.0 6.0 0.0 0.0 9.0 11.0 0.0 0.0 9.0 0.0 0.0 0.0 0.0 1.0 0.0 0.0 0.0 0.0 0.0 4.0 0.0 4.0 0.0 0.0 2.0 0.0 0.0 0.0
77 10 100 27.0 17.0 4.0 10.0 11.0 15.0 5.0 10.0 4.0 0.0 37.0 47.0 3.0 26.0 8.0 0.0 5.0 0.0 4.0 7.0 16.0 24.0 14.0 6.0 3.0 0.0 0.0 0.0 0.0 0.0 27.0 24.0 4.0 22.0 15.0 0.0 3.0 0.0 0.0 2.0 13.0 7.0 0.0 21.0 10.0 0.0 3.0 0.0 0.0 0.0 8.0 4.0 0.0 2.0 3.0 4.0 0.0 9.0 0.0 0.0 7.0 4.0 0.0 6.0 5.0 0.0 0.0 0.0 2.0 0.0 0.0 0.0 0.0 6.0 0.0 0.0 9.0 11.0 0.0 0.0 9.0 0.0 0.0 0.0 0.0 1.0 0.0 0.0 0.0 0.0 0.0 4.0 0.0 4.0 0.0 0.0 2.0 0.0 0.0 0.0
78 10 100 27.0 17.0 4.0 10.0 11.0 15.0 5.0 10.0 4.0 0.0 37.0 47.0 3.0 26.0 8.0 0.0 5.0 0.0 4.0 7.0 16.0 24.0 14.0 6.0 3.0 0.0 0.0 0.0 0.0 0.0 27.0 24.0 4.0 22.0 15.0 0.0 3.0 0.0 0.0 2.0 13.0 7.0 0.0 21.0 10.0 0.0 3.0 0.0 0.0 0.0 8.0 4.0 0.0 2.0 3.0 4.0 0.0 9.0 0.0 0.0 7.0 4.0 0.0 6.0 5.0 0.0 0.0 0.0 2.0 0.0 0.0 0.0 0.0 6.0 0.0 0.0 9.0 11.0 0.0 0.0 9.0 0.0 0.0 0.0 0.0 1.0 0.0 0.0 0.0 0.0 0.0 4.0 0.0 4.0 0.0 0.0 2.0 0.0 0.0 0.0
79 10 100 27.0 17.0 4.0 10.0 11.0 15.0 5.0 10.0 4.0 0.0 37.0 47.0 3.0 26.0 8.0 0.0 5.0 0.0 4.0 7.0 16.0 24.0 14.0 6.0 3.0 0.0 0.0 0.0 0.0 0.0 27.0 24.0 4.0 22.0 15.0 0.0 3.0 0.0 0.0 2.0 13.0 7.0 0.0 21.0 10.0 0.0 3.0 0.0 0.0 0.0 8.0 4.0 0.0 2.0 3.0 4.0 0.0 9.0 0.0 0.0 7.0 4.0 0.0 6.0 5.0 0.0 0.0 0.0 2.0 0.0 0.0 0.0 0.0 6.0 0.0 0.0 9.0 11.0 0.0 0.0 9.0 0.0 0.0 4.0 0.0 1.0 0.0 0.0 0.0 0.0 0.0 4.0 0.0 4.0 0.0 0.0 2.0 0.0 0.0 0.0
80 10 100 27.0 17.0 4.0 10.0 11.0 15.0 5.0 10.0 4.0 0.0 37.0 47.0 3.0 26.0 8.0 0.0 5.0 0.0 4.0 7.0 16.0 24.0 14.0 6.0 3.0 0.0 0.0 0.0 0.0 0.0 27.0 24.0 4.0 22.0 15.0 0.0 3.0 0.0 0.0 2.0 13.0 7.0 0.0 21.0 10.0 0.0 3.0 0.0 0.0 0.0 8.0 4.0 0.0 2.0 3.0 4.0 0.0 9.0 0.0 0.0 7.0 4.0 0.0 9.0 5.0 0.0 0.0 0.0 6.0 0.0 0.0 0.0 0.0 6.0 0.0 0.0 9.0 11.0 0.0 0.0 9.0 0.0 0.0 4.0 0.0 1.0 0.0 0.0 0.0 0.0 0.0 4.0 0.0 4.0 0.0 0.0 2.0 0.0 0.0 0.0
81 10 100 27.0 17.0 4.0 10.0 11.0 15.0 5.0 10.0 4.0 0.0 37.0 47.0 3.0 26.0 8.0 0.0 5.0 0.0 4.0 7.0 16.0 24.0 14.0 8.0 3.0 0.0 4.0 0.0 3.0 0.0 27.0 24.0 4.0 22.0 15.0 0.0 3.0 0.0 0.0 2.0 13.0 7.0 0.0 21.0 10.0 0.0 3.0 0.0 0.0 0.0 8.0 4.0 0.0 2.0 3.0 4.0 0.0 9.0 0.0 0.0 7.0 4.0 0.0 9.0 5.0 0.0 0.0 0.0 6.0 0.0 0.0 0.0 0.0 6.0 0.0 0.0 9.0 11.0 0.0 0.0 9.0 0.0 0.0 4.0 0.0 1.0 0.0 0.0 0.0 0.0 0.0 4.0 0.0 4.0 0.0 0.0 2.0 0.0 0.0 0.0
82 10 100 27.0 17.0 4.0 10.0 11.0 15.0 5.0 10.0 4.0 0.0 37.0 47.0 3.0 26.0 8.0 0.0 5.0 0.0 4.0 7.0 16.0 24.0 14.0 8.0 3.0 0.0 4.0 0.0 3.0 0.0 27.0 24.0 4.0 22.0 15.0 0.0 3.0 0.0 0.0 2.0 13.0 7.0 0.0 21.0 10.0 0.0 3.0 0.0 0.0 0.0 8.0 4.0 0.0 2.0 3.0 4.0 0.0 9.0 0.0 0.0 7.0 4.0 0.0 9.0 5.0 0.0 0.0 0.0 6.0 0.0 0.0 0.0 4.0 7.0 0.0 0.0 12.0 11.0 2.0 0.0 9.0 0.0 0.0 4.0 0.0 1.0 0.0 0.0 0.0 0.0 0.0 4.0 0.0 4.0 0.0 0.0 2.0 0.0 0.0 0.0
83 10 100 27.0 17.0 4.0 10.0 11.0 15.0 5.0 10.0 4.0 0.0 37.0 47.0 3.0 26.0 8.0 0.0 5.0 0.0 4.0 7.0 16.0 24.0 14.0 8.0 3.0 0.0 4.0 0.0 3.0 0.0 27.0 24.0 4.0 22.0 15.0 0.0 3.0 0.0 0.0 2.0 13.0 7.0 0.0 21.0 10.0 0.0 3.0 0.0 0.0 0.0 8.0 4.0 0.0 2.0 3.0 4.0 0.0 9.0 0.0 0.0 7.0 4.0 0.0 9.0 5.0 0.0 0.0 0.0 6.0 0.0 0.0 0.0 4.0 7.0 0.0 0.0 12.0 11.0 2.0 0.0 9.0 0.0 0.0 4.0 0.0 1.0 0.0 0.0 0.0 0.0 0.0 4.0 3.0 4.0 0.0 0.0 4.0 4.0 1.0 0.0
84 11 121 27.0 17.0 4.0 10.0 11.0 15.0 5.0 10.0 4.0 0.0 0.0 37.0 47.0 3.0 26.0 8.0 0.0 5.0 0.0 4.0 7.0 0.0 16.0 24.0 14.0 8.0 3.0 0.0 4.0 0.0 3.0 0.0 0.0 27.0 24.0 4.0 22.0 15.0 0.0 3.0 0.0 0.0 2.0 0.0 13.0 7.0 0.0 21.0 10.0 0.0 3.0 0.0 0.0 0.0 0.0 8.0 4.0 0.0 2.0 3.0 4.0 0.0 9.0 0.0 0.0 0.0 7.0 4.0 0.0 9.0 5.0 0.0 0.0 0.0 6.0 0.0 0.0 0.0 0.0 4.0 7.0 0.0 0.0 12.0 11.0 2.0 0.0 0.0 9.0 0.0 0.0 4.0 0.0 1.0 0.0 0.0 0.0 0.0 0.0 0.0 4.0 3.0 4.0 0.0 0.0 4.0 4.0 1.0 0.0 0.0 0.0 0.0 2.0 0.0 0.0 0.0 1.0 3.0 0.0 4.0 0.0
85 11 121 27.0 17.0 4.0 10.0 11.0 15.0 5.0 10.0 4.0 0.0 0.0 37.0 47.0 3.0 26.0 8.0 0.0 5.0 0.0 4.0 7.0 0.0 16.0 24.0 14.0 8.0 3.0 0.0 4.0 0.0 3.0 0.0 0.0 27.0 24.0 4.0 22.0 15.0 0.0 3.0 0.0 0.0 2.0 0.0 13.0 7.0 0.0 21.0 10.0 0.0 3.0 0.0 0.0 0.0 0.0 8.0 4.0 0.0 2.0 3.0 4.0 0.0 9.0 0.0 0.0 0.0 7.0 4.0 1.0 9.0 5.0 0.0 0.0 2.0 6.0 3.0 4.0 0.0 0.0 4.0 7.0 0.0 0.0 12.0 11.0 2.0 0.0 0.0 9.0 0.0 0.0 4.0 0.0 1.0 0.0 0.0 0.0 0.0 0.0 0.0 4.0 3.0 4.0 0.0 0.0 4.0 4.0 1.0 0.0 0.0 0.0 0.0 2.0 0.0 0.0 0.0 1.0 3.0 0.0 4.0 0.0
86 11 121 27.0 17.0 4.0 10.0 11.0 15.0 5.0 10.0 4.0 0.0 0.0 37.0 47.0 3.0 26.0 8.0 0.0 5.0 0.0 4.0 7.0 0.0 16.0 24.0 14.0 8.0 3.0 0.0 4.0 0.0 3.0 0.0 0.0 27.0 24.0 4.0 22.0 15.0 0.0 3.0 0.0 0.0 2.0 0.0 13.0 7.0 0.0 21.0 10.0 0.0 3.0 0.0 0.0 0.0 0.0 8.0 4.0 0.0 2.0 3.0 4.0 0.0 9.0 0.0 0.0 0.0 7.0 4.0 1.0 9.0 5.0 0.0 4.0 3.0 6.0 5.0 7.0 0.0 0.0 4.0 7.0 0.0 0.0 12.0 11.0 2.0 0.0 0.0 9.0 0.0 0.0 4.0 0.0 1.0 0.0 0.0 0.0 0.0 0.0 0.0 4.0 3.0 4.0 0.0 0.0 4.0 4.0 1.0 0.0 0.0 0.0 0.0 2.0 0.0 0.0 0.0 1.0 3.0 0.0 4.0 0.0
87 12 144 27.0 17.0 4.0 10.0 11.0 15.0 5.0 10.0 4.0 0.0 0.0 0.0 37.0 47.0 3.0 26.0 8.0 0.0 5.0 0.0 4.0 7.0 0.0 0.0 16.0 24.0 14.0 8.0 3.0 0.0 4.0 0.0 3.0 0.0 0.0 0.0 27.0 24.0 4.0 22.0 15.0 0.0 3.0 0.0 0.0 2.0 0.0 0.0 13.0 7.0 0.0 21.0 10.0 0.0 3.0 0.0 0.0 0.0 0.0 0.0 8.0 4.0 0.0 2.0 3.0 4.0 0.0 9.0 0.0 0.0 0.0 0.0 7.0 4.0 1.0 9.0 5.0 0.0 4.0 3.0 6.0 5.0 7.0 0.0 0.0 0.0 4.0 7.0 0.0 0.0 12.0 11.0 2.0 0.0 0.0 0.0 9.0 0.0 0.0 4.0 0.0 1.0 0.0 0.0 0.0 0.0 0.0 0.0 0.0 4.0 3.0 4.0 0.0 0.0 4.0 4.0 1.0 0.0 0.0 0.0 0.0 0.0 2.0 0.0 0.0 0.0 1.0 3.0 0.0 4.0 0.0 0.0 0.0 0.0 0.0 0.0 0.0 0.0 7.0 0.0 0.0 1.0 2.0 0.0
88 12 144 27.0 17.0 4.0 10.0 11.0 15.0 5.0 10.0 4.0 0.0 0.0 0.0 37.0 47.0 3.0 26.0 8.0 0.0 5.0 0.0 4.0 7.0 0.0 0.0 16.0 24.0 14.0 8.0 3.0 0.0 4.0 0.0 3.0 0.0 0.0 0.0 27.0 24.0 4.0 22.0 15.0 0.0 3.0 0.0 0.0 2.0 0.0 0.0 13.0 7.0 0.0 21.0 10.0 0.0 3.0 0.0 0.0 0.0 0.0 0.0 8.0 4.0 0.0 2.0 3.0 4.0 0.0 9.0 0.0 0.0 0.0 0.0 7.0 4.0 1.0 9.0 5.0 0.0 9.0 3.0 6.0 5.0 8.0 4.0 0.0 0.0 4.0 7.0 0.0 0.0 12.0 11.0 2.0 0.0 0.0 0.0 9.0 0.0 0.0 4.0 0.0 1.0 0.0 0.0 0.0 0.0 0.0 0.0 0.0 4.0 3.0 4.0 0.0 0.0 4.0 4.0 1.0 0.0 0.0 0.0 0.0 0.0 2.0 0.0 0.0 0.0 1.0 3.0 0.0 4.0 0.0 0.0 0.0 0.0 0.0 0.0 0.0 0.0 7.0 0.0 0.0 1.0 2.0 0.0
89 12 144 27.0 17.0 4.0 10.0 11.0 15.0 5.0 10.0 4.0 0.0 0.0 0.0 37.0 47.0 3.0 26.0 8.0 0.0 5.0 0.0 4.0 7.0 0.0 0.0 16.0 24.0 14.0 8.0 3.0 0.0 4.0 0.0 3.0 0.0 0.0 0.0 27.0 24.0 4.0 22.0 15.0 0.0 10.0 0.0 0.0 2.0 0.0 3.0 13.0 7.0 0.0 21.0 10.0 0.0 3.0 0.0 0.0 0.0 0.0 0.0 8.0 4.0 0.0 2.0 3.0 4.0 0.0 9.0 0.0 0.0 0.0 0.0 7.0 4.0 1.0 9.0 5.0 0.0 9.0 3.0 6.0 5.0 8.0 4.0 0.0 0.0 4.0 7.0 0.0 0.0 12.0 11.0 2.0 0.0 0.0 0.0 9.0 0.0 0.0 4.0 0.0 1.0 0.0 0.0 0.0 0.0 0.0 0.0 0.0 4.0 3.0 4.0 0.0 0.0 4.0 4.0 1.0 0.0 0.0 0.0 0.0 0.0 2.0 0.0 0.0 0.0 1.0 3.0 0.0 4.0 0.0 0.0 0.0 0.0 0.0 0.0 0.0 0.0 7.0 0.0 0.0 1.0 2.0 0.0
90 12 144 27.0 17.0 4.0 10.0 11.0 15.0 5.0 10.0 4.0 0.0 0.0 0.0 37.0 47.0 3.0 26.0 8.0 0.0 5.0 0.0 4.0 7.0 0.0 0.0 16.0 24.0 14.0 8.0 3.0 0.0 4.0 0.0 3.0 0.0 0.0 0.0 27.0 24.0 4.0 22.0 15.0 0.0 10.0 0.0 0.0 2.0 0.0 3.0 13.0 7.0 0.0 21.0 10.0 0.0 3.0 0.0 0.0 0.0 0.0 0.0 8.0 4.0 0.0 2.0 3.0 4.0 0.0 9.0 0.0 0.0 0.0 0.0 7.0 4.0 1.0 9.0 5.0 0.0 9.0 3.0 6.0 5.0 8.0 4.0 0.0 0.0 4.0 7.0 0.0 0.0 12.0 11.0 2.0 0.0 0.0 0.0 9.0 0.0 0.0 4.0 0.0 1.0 0.0 0.0 0.0 0.0 0.0 0.0 0.0 4.0 3.0 4.0 0.0 0.0 4.0 4.0 1.0 0.0 0.0 0.0 0.0 0.0 2.0 4.0 0.0 0.0 5.0 3.0 0.0 4.0 0.0 2.0 0.0 0.0 0.0 0.0 0.0 0.0 7.0 0.0 0.0 1.0 2.0 0.0
91 12 144 27.0 17.0 4.0 10.0 11.0 15.0 5.0 10.0 4.0 0.0 0.0 0.0 37.0 47.0 3.0 26.0 8.0 0.0 5.0 0.0 4.0 7.0 0.0 0.0 16.0 24.0 14.0 8.0 3.0 0.0 4.0 0.0 3.0 0.0 0.0 0.0 27.0 24.0 4.0 22.0 15.0 0.0 10.0 0.0 0.0 2.0 0.0 3.0 13.0 7.0 0.0 21.0 10.0 0.0 3.0 0.0 0.0 0.0 0.0 0.0 8.0 4.0 0.0 2.0 3.0 4.0 0.0 9.0 0.0 0.0 0.0 0.0 7.0 4.0 1.0 9.0 5.0 0.0 9.0 3.0 6.0 5.0 8.0 4.0 0.0 0.0 4.0 7.0 0.0 0.0 12.0 11.0 2.0 0.0 0.0 0.0 9.0 0.0 0.0 7.0 0.0 1.0 2.0 0.0 0.0 0.0 4.0 1.0 0.0 4.0 3.0 4.0 0.0 0.0 4.0 4.0 1.0 0.0 0.0 0.0 0.0 0.0 2.0 4.0 0.0 0.0 5.0 3.0 0.0 4.0 0.0 2.0 0.0 0.0 0.0 0.0 0.0 0.0 7.0 0.0 0.0 1.0 2.0 0.0
92 12 144 27.0 17.0 4.0 10.0 11.0 15.0 5.0 10.0 4.0 0.0 0.0 0.0 37.0 47.0 3.0 26.0 8.0 0.0 5.0 0.0 4.0 7.0 0.0 0.0 16.0 24.0 14.0 8.0 3.0 0.0 4.0 0.0 3.0 0.0 0.0 0.0 27.0 24.0 4.0 22.0 15.0 0.0 10.0 0.0 0.0 2.0 0.0 3.0 13.0 7.0 0.0 21.0 10.0 0.0 3.0 0.0 0.0 0.0 0.0 0.0 8.0 4.0 0.0 2.0 3.0 4.0 0.0 9.0 0.0 0.0 0.0 0.0 7.0 4.0 1.0 11.0 5.0 0.0 10.0 3.0 10.0 5.0 11.0 4.0 0.0 0.0 4.0 7.0 0.0 0.0 12.0 11.0 2.0 0.0 0.0 0.0 9.0 0.0 0.0 7.0 0.0 1.0 2.0 0.0 0.0 0.0 4.0 1.0 0.0 4.0 3.0 4.0 0.0 0.0 4.0 4.0 1.0 0.0 0.0 0.0 0.0 0.0 2.0 4.0 0.0 0.0 5.0 3.0 0.0 4.0 0.0 2.0 0.0 0.0 0.0 0.0 0.0 0.0 7.0 0.0 0.0 1.0 2.0 0.0
93 12 144 27.0 17.0 4.0 10.0 11.0 15.0 5.0 10.0 4.0 0.0 0.0 0.0 37.0 47.0 3.0 27.0 8.0 0.0 9.0 0.0 7.0 7.0 2.0 0.0 16.0 24.0 14.0 8.0 3.0 0.0 4.0 0.0 3.0 0.0 0.0 0.0 27.0 24.0 4.0 22.0 15.0 0.0 10.0 0.0 0.0 2.0 0.0 3.0 13.0 7.0 0.0 21.0 10.0 0.0 3.0 0.0 0.0 0.0 0.0 0.0 8.0 4.0 0.0 2.0 3.0 4.0 0.0 9.0 0.0 0.0 0.0 0.0 7.0 4.0 1.0 11.0 5.0 0.0 10.0 3.0 10.0 5.0 11.0 4.0 0.0 0.0 4.0 7.0 0.0 0.0 12.0 11.0 2.0 0.0 0.0 0.0 9.0 0.0 0.0 7.0 0.0 1.0 2.0 0.0 0.0 0.0 4.0 1.0 0.0 4.0 3.0 4.0 0.0 0.0 4.0 4.0 1.0 0.0 0.0 0.0 0.0 0.0 2.0 4.0 0.0 0.0 5.0 3.0 0.0 4.0 0.0 2.0 0.0 0.0 0.0 0.0 0.0 0.0 7.0 0.0 0.0 1.0 2.0 0.0
94 12 144 27.0 17.0 4.0 10.0 11.0 15.0 5.0 10.0 4.0 0.0 0.0 0.0 37.0 47.0 3.0 27.0 8.0 0.0 9.0 0.0 7.0 7.0 2.0 0.0 16.0 24.0 14.0 8.0 3.0 0.0 4.0 0.0 3.0 0.0 0.0 0.0 27.0 24.0 4.0 22.0 15.0 0.0 10.0 0.0 0.0 2.0 0.0 3.0 13.0 7.0 0.0 21.0 10.0 0.0 3.0 0.0 0.0 0.0 0.0 0.0 8.0 4.0 0.0 2.0 3.0 4.0 0.0 9.0 0.0 0.0 0.0 0.0 7.0 4.0 1.0 11.0 5.0 0.0 10.0 3.0 10.0 5.0 11.0 4.0 0.0 0.0 4.0 7.0 0.0 0.0 12.0 11.0 2.0 0.0 0.0 0.0 9.0 4.0 0.0 7.0 0.0 1.0 5.0 0.0 2.0 0.0 5.0 1.0 0.0 4.0 3.0 4.0 0.0 0.0 4.0 4.0 1.0 0.0 0.0 0.0 0.0 0.0 2.0 4.0 0.0 0.0 5.0 3.0 0.0 4.0 0.0 2.0 0.0 0.0 0.0 0.0 0.0 0.0 7.0 0.0 0.0 1.0 2.0 0.0
95 12 144 27.0 17.0 4.0 10.0 11.0 15.0 5.0 10.0 4.0 0.0 0.0 0.0 37.0 47.0 3.0 27.0 8.0 0.0 9.0 0.0 7.0 7.0 2.0 0.0 16.0 24.0 14.0 8.0 3.0 0.0 4.0 0.0 3.0 0.0 0.0 0.0 27.0 24.0 4.0 22.0 15.0 0.0 10.0 0.0 0.0 2.0 0.0 3.0 13.0 7.0 0.0 21.0 10.0 0.0 3.0 0.0 0.0 0.0 0.0 0.0 8.0 4.0 0.0 2.0 3.0 4.0 0.0 9.0 0.0 0.0 0.0 0.0 7.0 4.0 1.0 11.0 5.0 0.0 10.0 3.0 10.0 5.0 11.0 4.0 0.0 3.0 4.0 7.0 0.0 0.0 14.0 11.0 7.0 0.0 0.0 0.0 9.0 4.0 0.0 7.0 0.0 1.0 5.0 0.0 2.0 0.0 5.0 1.0 0.0 4.0 3.0 4.0 0.0 0.0 4.0 4.0 1.0 0.0 0.0 0.0 0.0 0.0 2.0 4.0 0.0 0.0 5.0 3.0 0.0 4.0 0.0 2.0 0.0 0.0 0.0 0.0 0.0 0.0 7.0 0.0 0.0 1.0 2.0 0.0
96 12 144 27.0 17.0 4.0 10.0 11.0 15.0 5.0 10.0 4.0 0.0 0.0 0.0 37.0 49.0 3.0 27.0 8.0 0.0 10.0 4.0 10.0 7.0 2.0 0.0 16.0 24.0 14.0 8.0 3.0 0.0 4.0 0.0 3.0 0.0 0.0 0.0 27.0 24.0 4.0 22.0 15.0 0.0 10.0 0.0 0.0 2.0 0.0 3.0 13.0 7.0 0.0 21.0 10.0 0.0 3.0 0.0 0.0 0.0 0.0 0.0 8.0 4.0 0.0 2.0 3.0 4.0 0.0 9.0 0.0 0.0 0.0 0.0 7.0 4.0 1.0 11.0 5.0 0.0 10.0 3.0 10.0 5.0 11.0 4.0 0.0 3.0 4.0 7.0 0.0 0.0 14.0 11.0 7.0 0.0 0.0 0.0 9.0 4.0 0.0 7.0 0.0 1.0 5.0 0.0 2.0 0.0 5.0 1.0 0.0 4.0 3.0 4.0 0.0 0.0 4.0 4.0 1.0 0.0 0.0 0.0 0.0 0.0 2.0 4.0 0.0 0.0 5.0 3.0 0.0 4.0 0.0 2.0 0.0 0.0 0.0 0.0 0.0 0.0 7.0 0.0 0.0 1.0 2.0 0.0
97 12 144 27.0 17.0 4.0 10.0 11.0 15.0 5.0 10.0 4.0 0.0 0.0 0.0 37.0 54.0 3.0 27.0 8.0 0.0 10.0 7.0 12.0 7.0 2.0 0.0 16.0 24.0 14.0 8.0 3.0 0.0 4.0 0.0 3.0 0.0 0.0 0.0 27.0 24.0 4.0 22.0 15.0 0.0 10.0 0.0 0.0 2.0 0.0 3.0 13.0 7.0 0.0 21.0 10.0 0.0 3.0 0.0 0.0 0.0 0.0 0.0 8.0 4.0 0.0 2.0 3.0 4.0 0.0 9.0 0.0 0.0 0.0 0.0 7.0 4.0 1.0 11.0 5.0 0.0 10.0 3.0 10.0 5.0 11.0 4.0 0.0 3.0 4.0 7.0 0.0 0.0 14.0 11.0 7.0 0.0 0.0 0.0 9.0 4.0 0.0 7.0 0.0 1.0 5.0 0.0 2.0 0.0 5.0 1.0 0.0 4.0 3.0 4.0 0.0 0.0 4.0 4.0 1.0 0.0 0.0 0.0 0.0 0.0 2.0 4.0 0.0 0.0 5.0 3.0 0.0 4.0 0.0 2.0 0.0 0.0 0.0 0.0 0.0 0.0 7.0 0.0 0.0 1.0 2.0 0.0
98 12 144 27.0 17.0 4.0 10.0 11.0 15.0 5.0 10.0 4.0 0.0 0.0 0.0 37.0 54.0 3.0 27.0 8.0 0.0 10.0 7.0 12.0 7.0 2.0 0.0 16.0 24.0 14.0 8.0 3.0 0.0 4.0 0.0 3.0 0.0 0.0 0.0 27.0 31.0 4.0 22.0 15.0 0.0 10.0 2.0 1.0 2.0 0.0 3.0 13.0 7.0 0.0 21.0 10.0 0.0 3.0 0.0 0.0 0.0 0.0 0.0 8.0 4.0 0.0 2.0 3.0 4.0 0.0 9.0 0.0 0.0 0.0 0.0 7.0 4.0 1.0 11.0 5.0 0.0 10.0 3.0 10.0 5.0 11.0 4.0 0.0 3.0 4.0 7.0 0.0 0.0 14.0 11.0 7.0 0.0 0.0 0.0 9.0 4.0 0.0 7.0 0.0 1.0 5.0 0.0 2.0 0.0 5.0 1.0 0.0 4.0 3.0 4.0 0.0 0.0 4.0 4.0 1.0 0.0 0.0 0.0 0.0 0.0 2.0 4.0 0.0 0.0 5.0 3.0 0.0 4.0 0.0 2.0 0.0 0.0 0.0 0.0 0.0 0.0 7.0 0.0 0.0 1.0 2.0 0.0
99 12 144 27.0 17.0 4.0 10.0 11.0 15.0 5.0 10.0 4.0 0.0 0.0 0.0 37.0 54.0 3.0 27.0 8.0 0.0 10.0 7.0 12.0 7.0 2.0 0.0 16.0 24.0 14.0 8.0 3.0 0.0 4.0 0.0 3.0 0.0 0.0 0.0 27.0 31.0 4.0 22.0 15.0 0.0 10.0 2.0 1.0 2.0 0.0 3.0 13.0 7.0 0.0 21.0 10.0 0.0 3.0 0.0 0.0 0.0 0.0 0.0 8.0 4.0 0.0 2.0 3.0 4.0 0.0 9.0 0.0 0.0 0.0 0.0 7.0 4.0 1.0 11.0 5.0 0.0 10.0 3.0 10.0 5.0 11.0 4.0 0.0 3.0 4.0 7.0 0.0 0.0 14.0 11.0 7.0 0.0 0.0 0.0 9.0 4.0 0.0 7.0 0.0 1.0 5.0 0.0 2.0 0.0 5.0 1.0 0.0 4.0 3.0 4.0 0.0 0.0 4.0 4.0 1.0 0.0 0.0 0.0 0.0 0.0 2.0 4.0 0.0 0.0 5.0 3.0 0.0 4.0 0.0 2.0 0.0 5.0 0.0 4.0 0.0 0.0 7.0 1.0 0.0 1.0 2.0 0.0
