100
0 0 1 1.0
1 1 2 1.0 1.0
2 1 2 1.0 2.0
3 1 2 1.0 3.0
4 0 2 2.0 3.0
5 1 2 2.0 4.0
6 1 2 2.0 5.0
7 1 2 2.0 6.0
8 2 3 2.0 6.0 1.0
9 0 3 3.0 6.0 1.0
10 1 3 3.0 7.0 1.0
11 2 3 3.0 7.0 2.0
12 2 3 3.0 7.0 3.0
13 2 3 3.0 7.0 4.0
14 -1 3 3.0 7.0 4.0
15 0 3 4.0 7.0 4.0
16 0 3 5.0 7.0 4.0
17 3 4 5.0 7.0 4.0 1.0
18 2 4 5.0 7.0 5.0 1.0
19 -1 4 5.0 7.0 5.0 1.0
20 0 4 6.0 7.0 5.0 1.0
21 3 4 6.0 7.0 5.0 2.0
22 1 4 6.0 8.0 5.0 2.0
23 3 4 6.0 8.0 5.0 3.0
24 4 5 6.0 8.0 5.0 3.0 1.0
25 1 5 6.0 9.0 5.0 3.0 1.0
26 2 5 6.0 9.0 6.0 3.0 1.0
27 3 5 6.0 9.0 6.0 4.0 1.0
28 -1 5 6.0 9.0 6.0 4.0 1.0
29 3 5 6.0 9.0 6.0 5.0 1.0
30 -1 5 6.0 9.0 6.0 5.0 1.0
31 0 5 7.0 9.0 6.0 5.0 1.0
32 2 5 7.0 9.0 7.0 5.0 1.0
33 -1 5 7.0 9.0 7.0 5.0 1.0
34 0 5 8.0 9.0 7.0 5.0 1.0
35 3 5 8.0 9.0 7.0 6.0 1.0
36 3 5 8.0 9.0 7.0 7.0 1.0
37 3 5 8.0 9.0 7.0 8.0 1.0
38 1 5 8.0 10.0 7.0 8.0 1.0
39 4 5 8.0 10.0 7.0 8.0 2.0
40 3 5 8.0 10.0 7.0 9.0 2.0
41 0 5 9.0 10.0 7.0 9.0 2.0
42 3 5 9.0 10.0 7.0 10.0 2.0
43 4 5 9.0 10.0 7.0 10.0 3.0
44 1 5 9.0 11.0 7.0 10.0 3.0
45 5 6 9.0 11.0 7.0 10.0 3.0 1.0
46 -1 6 9.0 11.0 7.0 10.0 3.0 1.0
47 4 6 9.0 11.0 7.0 10.0 4.0 1.0
48 4 6 9.0 11.0 7.0 10.0 5.0 1.0
49 3 6 9.0 11.0 7.0 11.0 5.0 1.0
50 0 6 10.0 11.0 7.0 11.0 5.0 1.0
51 4 6 10.0 11.0 7.0 11.0 6.0 1.0
52 6 7 10.0 11.0 7.0 11.0 6.0 1.0 1.0
53 0 7 11.0 11.0 7.0 11.0 6.0 1.0 1.0
54 4 7 11.0 11.0 7.0 11.0 7.0 1.0 1.0
55 -1 7 11.0 11.0 7.0 11.0 7.0 1.0 1.0
56 3 7 11.0 11.0 7.0 12.0 7.0 1.0 1.0
57 6 7 11.0 11.0 7.0 12.0 7.0 1.0 2.0
58 7 8 11.0 11.0 7.0 12.0 7.0 1.0 2.0 1.0
59 7 8 11.0 11.0 7.0 12.0 7.0 1.0 2.0 2.0
60 7 8 11.0 11.0 7.0 12.0 7.0 1.0 2.0 3.0
61 0 8 12.0 11.0 7.0 12.0 7.0 1.0 2.0 3.0
62 5 8 12.0 11.0 7.0 12.0 7.0 2.0 2.0 3.0
63 5 8 12.0 11.0 7.0 12.0 7.0 3.0 2.0 3.0
64 0 8 13.0 11.0 7.0 12.0 7.0 3.0 2.0 3.0
65 0 8 14.0 11.0 7.0 12.0 7.0 3.0 2.0 3.0
66 0 8 15.0 11.0 7.0 12.0 7.0 3.0 2.0 3.0
67 8 9 15.0 11.0 7.0 12.0 7.0 3.0 2.0 3.0 1.0
68 0 9 16.0 11.0 7.0 12.0 7.0 3.0 2.0 3.0 1.0
69 1 9 16.0 12.0 7.0 12.0 7.0 3.0 2.0 3.0 1.0
70 6 9 16.0 12.0 7.0 12.0 7.0 3.0 3.0 3.0 1.0
71 1 9 16.0 13.0 7.0 12.0 7.0 3.0 3.0 3.0 1.0
72 3 9 16.0 13.0 7.0 13.0 7.0 3.0 3.0 3.0 1.0
73 9 10 16.0 13.0 7.0 13.0 7.0 3.0 3.0 3.0 1.0 1.0
74 1 10 16.0 14.0 7.0 13.0 7.0 3.0 3.0 3.0 1.0 1.0
75 1 10 16.0 15.0 7.0 13.0 7.0 3.0 3.0 3.0 1.0 1.0
76 3 10 16.0 15.0 7.0 14.0 7.0 3.0 3.0 3.0 1.0 1.0
77 -1 10 16.0 15.0 7.0 14.0 7.0 3.0 3.0 3.0 1.0 1.0
78 3 10 16.0 15.0 7.0 15.0 7.0 3.0 3.0 3.0 1.0 1.0
79 8 10 16.0 15.0 7.0 15.0 7.0 3.0 3.0 3.0 2.0 1.0
80 6 10 16.0 15.0 7.0 15.0 7.0 3.0 4.0 3.0 2.0 1.0
81 2 10 16.0 15.0 8.0 15.0 7.0 3.0 4.0 3.0 2.0 1.0
82 7 10 16.0 15.0 8.0 15.0 7.0 3.0 4.0 4.0 2.0 1.0
83 9 10 16.0 15.0 8.0 15.0 7.0 3.0 4.0 4.0 2.0 2.0
84 10 11 16.0 15.0 8.0 15.0 7.0 3.0 4.0 4.0 2.0 2.0 1.0
85 6 11 16.0 15.0 8.0 15.0 7.0 3.0 5.0 4.0 2.0 2.0 1.0
86 6 11 16.0 15.0 8.0 15.0 7.0 3.0 6.0 4.0 2.0 2.0 1.0
87 11 12 16.0 15.0 8.0 15.0 7.0 3.0 6.0 4.0 2.0 2.0 1.0 1.0
88 6 12 16.0 15.0 8.0 15.0 7.0 3.0 7.0 4.0 2.0 2.0 1.0 1.0
89 3 12 16.0 15.0 8.0 16.0 7.0 3.0 7.0 4.0 2.0 2.0 1.0 1.0
90 10 12 16.0 15.0 8.0 16.0 7.0 3.0 7.0 4.0 2.0 2.0 2.0 1.0
91 8 12 16.0 15.0 8.0 16.0 7.0 3.0 7.0 4.0 3.0 2.0 2.0 1.0
92 6 12 16.0 15.0 8.0 16.0 7.0 3.0 8.0 4.0 3.0 2.0 2.0 1.0
93 1 12 16.0 16.0 8.0 16.0 7.0 3.0 8.0 4.0 3.0 2.0 2.0 1.0
94 8 12 16.0 16.0 8.0 16.0 7.0 3.0 8.0 4.0 4.0 2.0 2.0 1.0
95 7 12 16.0 16.0 8.0 16.0 7.0 3.0 8.0 5.0 4.0 2.0 2.0 1.0
96 1 12 16.0 17.0 8.0 16.0 7.0 3.0 8.0 5.0 4.0 2.0 2.0 1.0
97 1 12 16.0 18.0 8.0 16.0 7.0 3.0 8.0 5.0 4.0 2.0 2.0 1.0
98 3 12 16.0 18.0 8.0 17.0 7.0 3.0 8.0 5.0 4.0 2.0 2.0 1.0
99 11 12 16.0 18.0 8.0 17.0 7.0 3.0 8.0 5.0 4.0 2.0 2.0 2.0
