100
0 0 1 1.0
1 0 1 2.0
2 1 2 2.0 1.0
3 -1 2 2.0 1.0
4 0 2 3.0 1.0
5 1 2 3.0 2.0
6 0 2 4.0 2.0
7 2 3 4.0 2.0 1.0
8 3 4 4.0 2.0 1.0 1.0
9 4 5 4.0 2.0 1.0 1.0 1.0
10 2 5 4.0 2.0 2.0 1.0 1.0
11 0 5 5.0 2.0 2.0 1.0 1.0
12 3 5 5.0 2.0 2.0 2.0 1.0
13 3 5 5.0 2.0 2.0 3.0 1.0
14 1 5 5.0 3.0 2.0 3.0 1.0
15 2 5 5.0 3.0 3.0 3.0 1.0
16 3 5 5.0 3.0 3.0 4.0 1.0
17 0 5 6.0 3.0 3.0 4.0 1.0
18 0 5 7.0 3.0 3.0 4.0 1.0
19 4 5 7.0 3.0 3.0 4.0 2.0
20 2 5 7.0 3.0 4.0 4.0 2.0
21 2 5 7.0 3.0 5.0 4.0 2.0
22 3 5 7.0 3.0 5.0 5.0 2.0
23 0 5 8.0 3.0 5.0 5.0 2.0
24 1 5 8.0 4.0 5.0 5.0 2.0
25 -1 5 8.0 4.0 5.0 5.0 2.0
26 4 5 8.0 4.0 5.0 5.0 3.0
27 2 5 8.0 4.0 6.0 5.0 3.0
28 1 5 8.0 5.0 6.0 5.0 3.0
29 2 5 8.0 5.0 7.0 5.0 3.0
30 0 5 9.0 5.0 7.0 5.0 3.0
31 4 5 9.0 5.0 7.0 5.0 4.0
32 4 5 9.0 5.0 7.0 5.0 5.0
33 0 5 10.0 5.0 7.0 5.0 5.0
34 2 5 10.0 5.0 8.0 5.0 5.0
35 3 5 10.0 5.0 8.0 6.0 5.0
36 3 5 10.0 5.0 8.0 7.0 5.0
37 1 5 10.0 6.0 8.0 7.0 5.0
38 2 5 10.0 6.0 9.0 7.0 5.0
39 2 5 10.0 6.0 10.0 7.0 5.0
40 5 6 10.0 6.0 10.0 7.0 5.0 1.0
41 5 6 10.0 6.0 10.0 7.0 5.0 2.0
42 5 6 10.0 6.0 10.0 7.0 5.0 3.0
43 3 6 10.0 6.0 10.0 8.0 5.0 3.0
44 1 6 10.0 7.0 10.0 8.0 5.0 3.0
45 -1 6 10.0 7.0 10.0 8.0 5.0 3.0
46 1 6 10.0 8.0 10.0 8.0 5.0 3.0
47 5 6 10.0 8.0 10.0 8.0 5.0 4.0
48 0 6 11.0 8.0 10.0 8.0 5.0 4.0
49 1 6 11.0 9.0 10.0 8.0 5.0 4.0
50 1 6 11.0 10.0 10.0 8.0 5.0 4.0
51 4 6 11.0 10.0 10.0 8.0 6.0 4.0
52 2 6 11.0 10.0 11.0 8.0 6.0 4.0
53 4 6 11.0 10.0 11.0 8.0 7.0 4.0
54 2 6 11.0 10.0 12.0 8.0 7.0 4.0
55 0 6 12.0 10.0 12.0 8.0 7.0 4.0
56 4 6 12.0 10.0 12.0 8.0 8.0 4.0
57 3 6 12.0 10.0 12.0 9.0 8.0 4.0
58 6 7 12.0 10.0 12.0 9.0 8.0 4.0 1.0
59 0 7 13.0 10.0 12.0 9.0 8.0 4.0 1.0
60 2 7 13.0 10.0 13.0 9.0 8.0 4.0 1.0
61 6 7 13.0 10.0 13.0 9.0 8.0 4.0 2.0
62 5 7 13.0 10.0 13.0 9.0 8.0 5.0 2.0
63 2 7 13.0 10.0 14.0 9.0 8.0 5.0 2.0
64 2 7 13.0 10.0 15.0 9.0 8.0 5.0 2.0
65 2 7 13.0 10.0 16.0 9.0 8.0 5.0 2.0
66 6 7 13.0 10.0 16.0 9.0 8.0 5.0 3.0
67 3 7 13.0 10.0 16.0 10.0 8.0 5.0 3.0
68 0 7 14.0 10.0 16.0 10.0 8.0 5.0 3.0
69 5 7 14.0 10.0 16.0 10.0 8.0 6.0 3.0
70 2 7 14.0 10.0 17.0 10.0 8.0 6.0 3.0
71 0 7 15.0 10.0 17.0 10.0 8.0 6.0 3.0
72 2 7 15.0 10.0 18.0 10.0 8.0 6.0 3.0
73 2 7 15.0 10.0 19.0 10.0 8.0 6.0 3.0
74 7 8 15.0 10.0 19.0 10.0 8.0 6.0 3.0 1.0
75 3 8 15.0 10.0 19.0 11.0 8.0 6.0 3.0 1.0
76 0 8 16.0 10.0 19.0 11.0 8.0 6.0 3.0 1.0
77 1 8 16.0 11.0 19.0 11.0 8.0 6.0 3.0 1.0
78 4 8 16.0 11.0 19.0 11.0 9.0 6.0 3.0 1.0
79 7 8 16.0 11.0 19.0 11.0 9.0 6.0 3.0 2.0
80 6 8 16.0 11.0 19.0 11.0 9.0 6.0 4.0 2.0
81 2 8 16.0 11.0 20.0 11.0 9.0 6.0 4.0 2.0
82 8 9 16.0 11.0 20.0 11.0 9.0 6.0 4.0 2.0 1.0
83 0 9 17.0 11.0 20.0 11.0 9.0 6.0 4.0 2.0 1.0
84 9 10 17.0 11.0 20.0 11.0 9.0 6.0 4.0 2.0 1.0 1.0
85 9 10 17.0 11.0 20.0 11.0 9.0 6.0 4.0 2.0 1.0 2.0
86 0 10 18.0 11.0 20.0 11.0 9.0 6.0 4.0 2.0 1.0 2.0
87 8 10 18.0 11.0 20.0 11.0 9.0 6.0 4.0 2.0 2.0 2.0
88 0 10 19.0 11.0 20.0 11.0 9.0 6.0 4.0 2.0 2.0 2.0
89 0 10 20.0 11.0 20.0 11.0 9.0 6.0 4.0 2.0 2.0 2.0
90 10 11 20.0 11.0 20.0 11.0 9.0 6.0 4.0 2.0 2.0 2.0 1.0
91 2 11 20.0 11.0 21.0 11.0 9.0 6.0 4.0 2.0 2.0 2.0 1.0
92 7 11 20.0 11.0 21.0 11.0 9.0 6.0 4.0 3.0 2.0 2.0 1.0
93 10 11 20.0 11.0 21.0 11.0 9.0 6.0 4.0 3.0 2.0 2.0 2.0
94 4 11 20.0 11.0 21.0 11.0 10.0 6.0 4.0 3.0 2.0 2.0 2.0
95 1 11 20.0 12.0 21.0 11.0 10.0 6.0 4.0 3.0 2.0 2.0 2.0
96 3 11 20.0 12.0 21.0 12.0 10.0 6.0 4.0 3.0 2.0 2.0 2.0
97 6 11 20.0 12.0 21.0 12.0 10.0 6.0 5.0 3.0 2.0 2.0 2.0
98 2 11 20.0 12.0 22.0 12.0 10.0 6.0 5.0 3.0 2.0 2.0 2.0
99 1 11 20.0 13.0 22.0 12.0 10.0 6.0 5.0 3.0 2.0 2.0 2.0
